-3.541057 -0.6408726 -0.1384482 10.82881 4.836289 2.775094 0.4399435 0.5339157 1.020532
-4.238177 -0.4724861 -0.2727034 8.14708 2.811968 1.241164 0.6694687 0.3384247 1.282431
-4.227614 -0.5915924 -0.1717628 8.159574 3.413523 1.795633 0.9464701 0.5039674 1.236533
-4.301453 -0.6024878 -0.1611656 8.189335 3.347382 1.708551 0.6551998 0.307337 1.126639
-4.070078 -0.5373982 -0.1357051 8.217563 3.275693 1.661687 1.280765 0.5547126 1.388574
-4.227393 -0.6108102 -0.092775 7.728514 2.970891 1.518503 1.182489 0.5362394 1.189656
-4.177708 -0.5701111 -0.1713616 8.371422 3.297606 1.67585 0.8847415 0.4961052 1.117105
-4.169099 -0.5729266 -0.1565441 8.966415 3.471603 1.710569 0.943564 0.5119555 1.303217
-4.309418 -0.6382188 -0.1683854 7.791819 3.073387 1.634141 0.8504755 0.4593942 1.122942
-4.195147 -0.5960034 -0.1501564 8.015417 3.0764 1.568663 0.8950021 0.4561282 1.110386
-4.154297 -0.5763937 -0.1410481 7.56092 2.946399 1.525228 0.7792455 0.4047213 1.111839
-4.170656 -0.5712285 -0.1143861 7.760959 3.005289 1.549565 0.8590479 0.4415036 1.123863
-4.18014 -0.5372477 -0.1159752 8.171025 3.111821 1.53809 0.9469193 0.4160872 1.088921
-4.208928 -0.5798326 -0.1325951 7.987432 3.095239 1.588699 0.8450113 0.415615 1.095013
-4.214996 -0.5803752 -0.1122561 8.474879 3.273459 1.620851 0.8427266 0.3933806 1.04254
-4.137682 -0.5825137 -0.09995278 8.161638 3.182132 1.623299 0.8841173 0.4410094 1.035885
-4.184058 -0.5732999 -0.1713835 8.082655 3.084478 1.54663 0.8829773 0.4062941 1.090346
-4.225989 -0.5924536 -0.1069687 8.425097 3.271966 1.63043 0.8979651 0.4463011 1.108224
-4.229993 -0.6039747 -0.1227407 8.096368 3.110394 1.587493 0.7671499 0.3929635 1.080678
-4.175977 -0.5577123 -0.1260725 8.061276 3.113221 1.566827 0.7931037 0.3930842 1.086385
-4.191362 -0.5658108 -0.1134182 8.086141 3.156872 1.580721 0.8793329 0.4255294 1.112737
-4.149236 -0.5643758 -0.1384914 8.209598 3.262363 1.667457 0.8275398 0.4454415 1.098141
-4.149965 -0.5639092 -0.1223095 8.134298 3.106417 1.557548 0.8843591 0.4338743 1.079008
-4.152364 -0.5711225 -0.1243517 8.278864 3.249774 1.654063 0.9135521 0.4555412 1.141373
-4.231919 -0.595165 -0.1390705 8.405296 3.255165 1.627982 0.8854342 0.4234055 1.162688
-4.228207 -0.5811709 -0.1209763 8.138153 3.14639 1.587729 0.9852531 0.4833926 1.125124
-4.223076 -0.6043757 -0.1359892 8.266809 3.263335 1.65348 0.7924152 0.4120505 1.09858
-4.238486 -0.6030936 -0.1295378 8.362939 3.263901 1.649984 0.8804676 0.4514048 1.150594
-4.180697 -0.5810295 -0.1230174 8.251127 3.218664 1.627345 0.8000878 0.4294336 1.156664
-4.22849 -0.6011556 -0.1239512 8.318459 3.228636 1.617837 0.7832294 0.3964289 1.084582
-4.130876 -0.552285 -0.1116637 8.101961 3.138186 1.590929 0.8252322 0.4233446 1.082998
-4.202412 -0.5694582 -0.134144 8.123062 3.128098 1.579513 0.8303334 0.4137765 1.166699
-4.161045 -0.5578629 -0.1224412 8.005525 3.077184 1.538627 0.797194 0.3965763 1.117404
-4.171451 -0.5722939 -0.1127729 8.299605 3.175699 1.573021 0.9396878 0.4655735 1.095427
-4.095437 -0.546434 -0.1104277 7.836755 3.013424 1.516683 0.7583644 0.3884675 1.085721
-4.252059 -0.5914358 -0.1619788 8.344197 3.22172 1.618504 0.8464045 0.4316867 1.149409
-4.218749 -0.5905742 -0.1315682 8.213643 3.207595 1.62925 0.8556603 0.436241 1.079083
-4.180506 -0.5719137 -0.1306535 8.266637 3.218884 1.620016 0.895446 0.4440041 1.12941
-4.211906 -0.5915458 -0.1383771 8.275236 3.239719 1.647019 0.8545104 0.433654 1.136516
-4.176733 -0.578634 -0.1347326 8.239328 3.170716 1.597516 0.9039992 0.4556297 1.155802
-4.181571 -0.5682687 -0.1112012 8.114125 3.16206 1.603362 0.8579855 0.430208 1.087368
-4.194437 -0.592791 -0.1476425 8.231689 3.186578 1.607993 0.8628478 0.4341228 1.117524
-4.176124 -0.5805667 -0.1336048 8.15291 3.156042 1.589916 0.8097082 0.4289532 1.128366
-4.176218 -0.5720709 -0.1237547 8.088333 3.158736 1.596137 0.9019345 0.4418715 1.102559
-4.215213 -0.5932491 -0.1312392 8.300611 3.27341 1.670342 0.9355532 0.4695776 1.12665
-4.205893 -0.5868692 -0.1149665 8.2211 3.181678 1.602443 0.8530457 0.415846 1.084762
-4.234641 -0.6022672 -0.1329779 8.385543 3.298753 1.663986 0.8592449 0.4407487 1.117215
-4.224848 -0.6051991 -0.1344052 8.280594 3.21439 1.622793 0.8128692 0.4208879 1.092988
-4.22354 -0.593984 -0.1158253 8.529426 3.321583 1.665245 0.8685248 0.4335137 1.110539
-4.172053 -0.574697 -0.1354964 8.163525 3.191 1.620809 0.8327995 0.4287228 1.105929
-4.169921 -0.5694704 -0.113219 7.969107 3.049834 1.549133 0.7999327 0.4000739 1.109722
-4.193532 -0.5824137 -0.1219923 8.457674 3.306953 1.663808 0.8501852 0.4231133 1.093198
-4.245587 -0.6134109 -0.1195231 8.438135 3.296212 1.649782 0.9142506 0.4501979 1.079501
-4.167215 -0.5625204 -0.1170677 7.861533 3.05307 1.556623 0.8288209 0.4016769 1.107222
-4.196063 -0.5825944 -0.1354463 8.244501 3.189066 1.609133 0.8468699 0.4179834 1.112269
-4.19459 -0.5773919 -0.1265027 8.177638 3.152273 1.58658 0.8176041 0.4097988 1.095701
-4.16578 -0.576988 -0.134808 8.320251 3.234401 1.631524 0.8828266 0.4396949 1.151837
-4.21933 -0.5943933 -0.1275322 8.183566 3.178565 1.603228 0.8604006 0.4415199 1.139569
-4.15534 -0.5632375 -0.1354141 8.246979 3.195674 1.591429 0.86481 0.4292029 1.122149
-4.143053 -0.5612027 -0.11722 8.106991 3.130424 1.57157 0.8142974 0.4064013 1.084007
-4.186772 -0.5831505 -0.1266263 8.438802 3.295703 1.664738 0.9192521 0.4566704 1.133265
-4.201658 -0.579881 -0.1017843 8.435823 3.290707 1.658148 0.8552018 0.4255895 1.071966
-4.189062 -0.5756579 -0.1380994 8.226448 3.197915 1.611327 0.9021402 0.4432379 1.147533
-4.167863 -0.567823 -0.1254902 8.114983 3.139451 1.588598 0.8936786 0.4450622 1.120449
-4.203398 -0.5859827 -0.1142057 8.307425 3.230133 1.636811 0.8548132 0.4320473 1.096965
-4.197003 -0.577542 -0.1268185 8.13477 3.175963 1.605741 0.8825583 0.4462981 1.127828
-4.223198 -0.5904917 -0.1269492 8.294785 3.224389 1.627003 0.8103905 0.4156714 1.11267
-4.196149 -0.5812512 -0.1352373 8.322941 3.240885 1.638972 0.866336 0.4430475 1.130221
-4.218808 -0.5910971 -0.146222 8.276891 3.228582 1.628811 0.8798708 0.4400167 1.143458
-4.143083 -0.5583319 -0.1097779 8.001789 3.093876 1.567248 0.8411428 0.4160996 1.083606
-4.189743 -0.5829002 -0.1257138 8.333758 3.251043 1.643874 0.8584426 0.4348749 1.108146
-4.177939 -0.574942 -0.1199343 8.10372 3.148796 1.594955 0.8445624 0.4259571 1.123307
-4.184402 -0.574292 -0.1205392 8.210219 3.197508 1.618431 0.8643929 0.4273122 1.093538
-4.16111 -0.5713335 -0.1182967 8.169835 3.176642 1.607138 0.8411439 0.4145519 1.088102
-4.194657 -0.5812756 -0.1197182 8.138064 3.142906 1.588829 0.893795 0.4437582 1.109527
-4.185554 -0.5709899 -0.1159789 8.342862 3.243878 1.629496 0.8648335 0.4347937 1.096682
-4.180153 -0.5772138 -0.12602 8.252793 3.209747 1.620911 0.8668496 0.4265996 1.120925
-4.212956 -0.5899061 -0.1385827 8.177041 3.179209 1.608343 0.8789657 0.441478 1.125397
-4.186377 -0.5788013 -0.1294889 8.132938 3.16452 1.598937 0.8594008 0.42352 1.120433
-4.184695 -0.579077 -0.1362577 8.080265 3.121693 1.578313 0.8781889 0.4326928 1.144964
-4.207157 -0.5874925 -0.1388963 8.250047 3.218631 1.630086 0.8731253 0.4347979 1.124799
-4.21352 -0.5837131 -0.1198878 8.239553 3.208128 1.616537 0.8956567 0.4466842 1.12432
-4.1457 -0.564039 -0.1333691 8.04467 3.103312 1.569422 0.8391271 0.4252169 1.122127
-4.185202 -0.5740921 -0.1267351 8.095951 3.14027 1.586987 0.8720948 0.4292009 1.127312
-4.186408 -0.5839013 -0.1227746 8.181961 3.163018 1.598919 0.8286691 0.4184088 1.09286
-4.199114 -0.5855789 -0.1257541 8.247028 3.214138 1.627629 0.8284115 0.4132246 1.089545
-4.173002 -0.568352 -0.1144409 8.134289 3.15274 1.588492 0.8246459 0.4129046 1.079009
-4.170219 -0.5734258 -0.1248128 8.18754 3.193326 1.608743 0.8468397 0.4277047 1.11626
-4.17898 -0.5758835 -0.1257635 8.206317 3.180302 1.604139 0.8505418 0.422806 1.123327
-4.178233 -0.5726006 -0.1337725 8.183427 3.185664 1.610991 0.8674367 0.4361127 1.133677
-4.188675 -0.5787066 -0.1225177 8.172402 3.174551 1.607919 0.83577 0.421886 1.095829
-4.193144 -0.5854912 -0.1270452 8.341734 3.258953 1.642634 0.8704719 0.4358725 1.11893
-4.199379 -0.5893997 -0.1241425 8.165373 3.180753 1.611992 0.829045 0.4180875 1.095834
-4.198711 -0.5819669 -0.1302138 8.279148 3.215878 1.617381 0.8710998 0.4314932 1.118898
-4.201418 -0.5800013 -0.1281549 8.202282 3.197157 1.616799 0.8683657 0.4314635 1.119596
-4.201002 -0.5849244 -0.1239654 8.241963 3.189561 1.603996 0.8654993 0.4286477 1.099535
-4.177144 -0.5711475 -0.1324026 8.122479 3.160032 1.603622 0.8546199 0.4303978 1.1204
-4.162329 -0.5707932 -0.1220682 8.202557 3.203005 1.618031 0.8583662 0.433285 1.102587
-4.216932 -0.5905664 -0.1277031 8.22457 3.193482 1.612049 0.8618796 0.4322566 1.119681
-4.190237 -0.579124 -0.1281181 8.217452 3.204829 1.621531 0.8667793 0.4362164 1.112733
-4.197994 -0.5839014 -0.1284095 8.257223 3.21687 1.626338 0.8834209 0.4452034 1.11664
-4.201594 -0.5844355 -0.1288017 8.164253 3.184142 1.615153 0.8660367 0.4335096 1.109362
-4.192142 -0.5837231 -0.1247225 8.205582 3.194279 1.615385 0.8913075 0.4414289 1.115048
-4.180166 -0.5747155 -0.1243503 8.17356 3.179165 1.60796 0.8551852 0.4299109 1.122693
-4.195458 -0.5875157 -0.1381769 8.201527 3.19764 1.620398 0.8502753 0.4320359 1.124861
-4.219841 -0.5930026 -0.1320584 8.317567 3.240233 1.637951 0.8653178 0.4307683 1.108464
-4.193799 -0.5790504 -0.1273566 8.196151 3.181258 1.605554 0.8481281 0.4206985 1.115622
-4.186229 -0.5785482 -0.128635 8.195901 3.181541 1.610324 0.8527184 0.4226506 1.113165
-4.19169 -0.5843953 -0.1303166 8.254006 3.205331 1.623718 0.8735358 0.4337476 1.116368
-4.19227 -0.5810425 -0.1335407 8.222769 3.186739 1.607374 0.8862838 0.4414043 1.124021
-4.198017 -0.584307 -0.1227428 8.242343 3.201161 1.617764 0.8548818 0.4240552 1.110541
-4.205333 -0.5862887 -0.1246046 8.247866 3.203629 1.617103 0.8598673 0.4318144 1.110973
