-2.817082 -0.2109149 0.2557606 2.036713 0.782999 0.6054772 0.1791313 0.222244 0.802575
-4.424491 -0.5943165 -0.06308496 6.281635 2.289273 1.306441 0.3957026 0.3833782 0.9423462
-4.362269 -0.6453818 -0.1246581 8.157837 3.560067 1.909396 1.060743 0.5416467 1.129661
-4.242944 -0.6024135 -0.2564121 8.633872 3.381212 1.651641 0.9829818 0.4618131 1.167593
-4.190702 -0.5903495 -0.08872899 7.72435 3.071309 1.637758 0.8727055 0.4481552 0.9819717
-4.082176 -0.5073962 -0.04558429 8.629556 3.304669 1.636775 0.8499117 0.3915648 0.9197713
-4.370497 -0.6185996 -0.1480892 9.411195 3.767497 1.884186 0.9927788 0.4870148 1.082932
-4.173491 -0.5543012 -0.08454507 8.669248 3.385584 1.69776 0.9166473 0.4298114 0.9465278
-4.140062 -0.5572273 -0.1468725 8.027781 3.199412 1.67186 0.8886671 0.4338712 1.142868
-4.184868 -0.5583213 -0.07809408 8.301954 3.224178 1.61769 0.8516126 0.3989372 0.9968041
-4.134727 -0.550236 -0.05691678 8.048481 3.166177 1.628681 0.9558645 0.4789922 1.06502
-4.15271 -0.5743467 -0.1117383 8.184379 3.214822 1.64058 0.870229 0.4610833 1.117901
-4.181782 -0.5511083 -0.1488517 8.44566 3.325645 1.706776 1.008336 0.5284247 1.226425
-4.247879 -0.6233352 -0.1431062 8.634285 3.327115 1.692893 0.92208 0.4753031 1.227235
-4.153091 -0.565405 -0.1169791 8.692143 3.431458 1.713988 0.9824669 0.4702154 1.110907
-4.180051 -0.5876774 -0.1426143 8.971677 3.495376 1.736115 0.9536925 0.4682374 1.244434
-4.1755 -0.5654637 -0.1039342 7.967926 3.069826 1.543047 0.8344822 0.4201802 1.060852
-4.203204 -0.6096582 -0.1549098 8.272519 3.284721 1.681201 1.105342 0.5348758 1.261556
-4.254776 -0.6130813 -0.1194366 8.739372 3.446933 1.743437 0.9406454 0.4589974 1.230663
-4.13682 -0.5380287 -0.09782515 8.089623 3.084333 1.545269 0.8301918 0.3975202 1.075047
-4.211877 -0.5720982 -0.1520246 8.957127 3.484398 1.745508 1.05989 0.5015284 1.241349
-4.216935 -0.5810264 -0.1462113 8.446235 3.272514 1.64538 0.9657084 0.4710871 1.208183
-4.250616 -0.6001334 -0.1397282 8.750339 3.427994 1.709227 1.024627 0.483508 1.191761
-4.231679 -0.61673 -0.1372229 8.884647 3.474547 1.743845 0.9493554 0.4859728 1.191916
-4.237216 -0.5958677 -0.1557528 9.086888 3.523394 1.759667 1.041254 0.5319571 1.252921
-4.204047 -0.5928755 -0.1486878 8.72689 3.443199 1.760299 0.995961 0.497984 1.141982
-4.102812 -0.563179 -0.1245051 8.471021 3.334098 1.708867 0.9417725 0.4947617 1.205445
-4.257819 -0.620817 -0.1657805 8.807281 3.437342 1.737361 1.119663 0.5435662 1.257074
-4.165317 -0.5719971 -0.1030034 8.767172 3.431131 1.724554 1.045965 0.5209015 1.159845
-4.210034 -0.5815695 -0.1469418 8.610263 3.381701 1.713791 1.08182 0.5588625 1.217926
-4.198659 -0.5736814 -0.1355065 8.552955 3.345893 1.693625 0.9624292 0.4677169 1.220728
-4.163138 -0.5739561 -0.1224888 8.255536 3.191731 1.612036 0.8282548 0.4195025 1.121241
-4.157475 -0.5523632 -0.1355348 8.132537 3.091656 1.543495 0.9162207 0.470082 1.183649
-4.221188 -0.5924888 -0.1349521 8.688314 3.418703 1.726643 1.00521 0.5155168 1.214562
-4.230613 -0.5878608 -0.1342012 8.688317 3.370891 1.686388 0.9652995 0.4887629 1.16366
-4.253912 -0.6016171 -0.1267094 8.676511 3.434665 1.745652 1.024862 0.5258073 1.118976
-4.168742 -0.5653609 -0.1411837 8.007768 3.112794 1.581934 0.9152979 0.4329149 1.246829
-4.243241 -0.5949847 -0.1392567 8.417895 3.263395 1.661892 1.033342 0.5029965 1.205899
-4.236179 -0.6048976 -0.1336533 8.508601 3.32767 1.681639 0.9671643 0.4737937 1.146625
-4.203396 -0.5813804 -0.1353629 8.283009 3.251214 1.6508 0.9371243 0.4806725 1.158375
-4.171398 -0.5703189 -0.1326482 8.272088 3.244488 1.645368 1.063275 0.5345869 1.247884
-4.213091 -0.6020217 -0.150879 8.460783 3.308592 1.672336 1.005174 0.5089151 1.217848
-4.210395 -0.5853143 -0.1245593 8.534083 3.32326 1.664162 0.9156297 0.4427819 1.124656
-4.172195 -0.573357 -0.1259944 8.27995 3.235534 1.641916 0.9234941 0.464044 1.149763
-4.153478 -0.5586828 -0.1438281 8.062385 3.119964 1.583046 0.9500639 0.4821425 1.230695
-4.215174 -0.5797634 -0.1186573 8.557612 3.351555 1.68584 0.9682082 0.477853 1.139842
-4.20009 -0.5935284 -0.1246968 8.714977 3.418298 1.711548 0.8992327 0.4353541 1.104472
-4.19081 -0.5857158 -0.115755 8.475115 3.324477 1.687344 0.9667241 0.484553 1.149047
-4.167063 -0.5689692 -0.1420106 8.103395 3.142437 1.596138 0.8912172 0.450756 1.204158
-4.211202 -0.5908605 -0.12887 8.6465 3.410259 1.735207 0.9644562 0.4877733 1.153029
-4.225192 -0.5967283 -0.1323767 8.49737 3.285456 1.656485 0.9006554 0.4505429 1.171558
-4.218093 -0.5862091 -0.1241871 8.500971 3.310111 1.674007 0.9217077 0.4652335 1.17826
-4.217117 -0.5827645 -0.1279253 8.440578 3.289101 1.665835 0.9296472 0.4511444 1.1745
-4.210029 -0.5908862 -0.1278322 8.549341 3.385774 1.721553 0.9794327 0.5034846 1.177878
-4.227554 -0.5937116 -0.1370611 8.832171 3.485324 1.76147 0.9768629 0.4891043 1.187523
-4.205275 -0.5861264 -0.148877 8.749962 3.403195 1.699471 0.9386724 0.460127 1.169787
-4.158559 -0.5686291 -0.1276267 8.477323 3.309529 1.665077 0.9602204 0.4788968 1.197449
-4.20855 -0.5856399 -0.1499497 8.357344 3.257312 1.646684 1.006302 0.4758027 1.236626
-4.251316 -0.6098534 -0.1593533 8.587411 3.361751 1.707583 1.000907 0.4870444 1.243622
-4.205092 -0.5833051 -0.1476731 8.416681 3.264342 1.651904 0.9593527 0.4866102 1.246602
-4.188877 -0.5804712 -0.1130651 8.317502 3.24027 1.640996 0.8813938 0.4562194 1.148098
-4.176783 -0.572445 -0.1292416 8.38358 3.307753 1.682655 0.9918735 0.5001225 1.189984
-4.21485 -0.5900423 -0.1186161 8.358855 3.260638 1.653523 0.9290258 0.4572831 1.182536
-4.246441 -0.5974781 -0.1242137 8.814175 3.454157 1.731783 0.9676047 0.4855262 1.151585
-4.225945 -0.5902511 -0.1426685 8.878658 3.457759 1.727498 1.007352 0.4899772 1.170806
-4.235788 -0.5944239 -0.1389899 8.660312 3.382667 1.707008 0.9844138 0.501858 1.206663
-4.199777 -0.5845961 -0.1313604 8.403638 3.241012 1.629981 0.9411351 0.4544419 1.179952
-4.167342 -0.5624968 -0.1371181 8.248532 3.22036 1.632422 0.943408 0.468792 1.165045
-4.187576 -0.5735788 -0.1276949 8.432572 3.285811 1.655542 0.9600575 0.4759511 1.17759
-4.194164 -0.5796359 -0.1224018 8.414431 3.296501 1.668096 0.9648604 0.4724445 1.173222
-4.217106 -0.5923824 -0.1275498 8.462898 3.302181 1.67381 0.9432199 0.4739726 1.152121
-4.198266 -0.5886702 -0.1256566 8.600016 3.356369 1.694039 0.9457766 0.4706041 1.181169
-4.230087 -0.598559 -0.1342933 8.697855 3.399534 1.715174 1.010219 0.4910218 1.178842
-4.199743 -0.5863649 -0.1324995 8.589969 3.373251 1.714113 1.013819 0.5085282 1.193757
-4.221445 -0.5976987 -0.1319222 8.653602 3.406892 1.71893 0.9609726 0.4824271 1.175902
-4.224743 -0.5906863 -0.1321505 8.421595 3.332839 1.69915 0.9655009 0.4883958 1.182806
-4.220593 -0.601919 -0.1427243 8.521575 3.34538 1.688952 1.008977 0.5005109 1.231712
-4.218778 -0.5930662 -0.1440291 8.546404 3.327511 1.678197 0.9646743 0.4756154 1.18629
-4.223868 -0.5924861 -0.1315953 8.556975 3.337432 1.683609 0.9799702 0.4852271 1.187643
-4.203358 -0.5869799 -0.1225466 8.521696 3.34441 1.685321 0.9591586 0.4716807 1.163083
-4.209494 -0.5874851 -0.1343546 8.467799 3.305917 1.674401 0.9683322 0.4819865 1.14784
-4.172745 -0.5645821 -0.1368263 8.264714 3.21274 1.625025 0.9179421 0.4555788 1.152714
-4.194269 -0.5744466 -0.1323456 8.29422 3.227935 1.636791 0.8996323 0.4494123 1.159491
-4.195209 -0.5869352 -0.1307607 8.509773 3.33029 1.691581 0.9895568 0.4924622 1.196031
-4.221789 -0.6045886 -0.134907 8.605004 3.383514 1.715648 0.9677381 0.4831965 1.166805
-4.210754 -0.5876571 -0.1336627 8.405496 3.299567 1.675145 0.9731956 0.4908111 1.189585
-4.204428 -0.585955 -0.1285574 8.477729 3.307862 1.671539 0.9650087 0.482736 1.17092
-4.216485 -0.5911348 -0.123721 8.499623 3.328971 1.686307 0.9988457 0.4908264 1.167534
-4.198886 -0.581189 -0.1313396 8.349842 3.25761 1.642269 0.957289 0.474464 1.191049
-4.197267 -0.581394 -0.126101 8.340431 3.249692 1.64224 0.9748645 0.4817535 1.166961
-4.219282 -0.5986163 -0.1259431 8.668603 3.39492 1.711378 0.9467563 0.4799534 1.170113
-4.224421 -0.5951883 -0.1330989 8.522934 3.340579 1.689383 0.955761 0.4758885 1.170284
-4.206602 -0.5841599 -0.1301134 8.49699 3.31474 1.673384 0.9460615 0.4664685 1.169455
-4.204493 -0.584887 -0.1277035 8.442653 3.279083 1.658066 0.943824 0.4614616 1.162795
-4.177829 -0.5805214 -0.1266824 8.403836 3.286731 1.662651 0.9688922 0.4877105 1.198056
-4.219388 -0.5928805 -0.1284198 8.524458 3.332481 1.681038 0.9809493 0.4862334 1.195524
-4.172206 -0.5682121 -0.1353977 8.309989 3.236322 1.63377 0.9311623 0.4622967 1.169484
-4.201584 -0.5854326 -0.1242685 8.574183 3.354014 1.685348 0.9599779 0.4746685 1.177685
-4.215471 -0.5956674 -0.130825 8.58632 3.362438 1.700108 0.9811544 0.4854718 1.187557
-4.184934 -0.5869246 -0.1289305 8.488501 3.311794 1.671229 0.9459187 0.4670427 1.182715
-4.206888 -0.5866216 -0.1384269 8.540853 3.332619 1.680853 0.951682 0.4693173 1.187146
-4.19211 -0.5808363 -0.1286016 8.485573 3.300822 1.661004 0.959103 0.4701459 1.166118
-4.187533 -0.5815823 -0.1257435 8.470298 3.302249 1.672469 0.9551445 0.4784859 1.17416
-4.206545 -0.5907891 -0.1321728 8.510814 3.343687 1.696811 0.9701856 0.4840952 1.17332
-4.203813 -0.5881517 -0.1290948 8.468638 3.31324 1.677167 0.9482283 0.4702693 1.172357
-4.198737 -0.5840185 -0.1311478 8.451467 3.294539 1.664166 0.9461854 0.4721627 1.181511
-4.213562 -0.5920615 -0.1346431 8.574402 3.353268 1.690993 0.9789214 0.4875808 1.196934
-4.195256 -0.5805122 -0.1245645 8.410677 3.269825 1.65117 0.9389972 0.4675921 1.169737
-4.214415 -0.5917774 -0.1324536 8.456249 3.306637 1.677772 0.969397 0.4895146 1.200818
-4.198659 -0.5839544 -0.1301502 8.498718 3.310097 1.663971 0.9488228 0.4723188 1.175611
-4.192039 -0.5849342 -0.134467 8.551615 3.339972 1.684158 0.9630152 0.4826967 1.185286
-4.1979 -0.585615 -0.1340141 8.502279 3.326146 1.676811 0.9750998 0.486033 1.196077
