-3.35738 -0.08197992 0.4900371 4.424879 1.721334 0.8248764 1.501797 0.5531974 0.839643
-3.496363 -0.1521374 0.08887935 4.21751 1.585703 0.7989117 0.735543 0.3880818 1.364361
-3.959687 -0.4950039 0.05942228 7.84974 2.971911 1.395924 1.073808 0.4923959 0.903176
-3.73031 -0.3219016 0.1828437 8.623059 3.028417 1.404536 1.311425 0.5003283 0.7894941
-3.708229 -0.3837701 0.01707543 7.982582 3.254727 1.768406 1.622677 0.9706317 1.890902
-3.664103 -0.3472938 0.06010441 6.719165 2.654308 1.382335 0.7997957 0.4542358 1.088514
-3.733693 -0.3531398 0.03035276 8.477504 3.048603 1.431291 1.281881 0.4570878 1.266593
-3.815812 -0.4037761 0.01064356 11.45881 5.108521 2.663574 2.973335 1.5524 1.946083
-3.6685 -0.3326396 0.0381626 7.874866 3.207928 1.62922 1.36527 0.7403201 1.4429
-3.896857 -0.4354887 0.04750859 8.807657 3.539999 1.746815 1.299208 0.654963 1.206786
-3.772766 -0.3657186 0.01724813 12.44651 5.306301 2.618027 3.883047 1.857418 2.664787
-3.734066 -0.3665389 0.03962405 8.485102 3.457067 1.738299 1.608931 0.768653 1.41679
-3.716688 -0.351745 0.07664964 7.978052 3.298079 1.706086 1.239973 0.6643228 1.297702
-3.807445 -0.4027411 0.0237906 9.312259 3.730056 1.856362 1.607324 0.783655 1.350383
-3.78618 -0.380868 0.02679677 8.350184 3.391503 1.709486 1.441585 0.6976625 1.418902
-3.870329 -0.4346769 0.04390191 9.223534 3.713024 1.840854 1.439772 0.7159897 1.234264
-3.770793 -0.3770887 0.09674585 8.022691 3.223198 1.607727 0.9833577 0.4864483 0.9756991
-3.759783 -0.3903357 0.03249129 8.568513 3.633103 1.90958 1.585488 0.7793621 1.335957
-3.73715 -0.3551404 0.03382743 8.212 3.226532 1.596078 1.328306 0.6191197 1.470345
-3.82108 -0.3823843 0.05446012 8.898967 3.540089 1.77609 1.594697 0.7392991 1.443497
-3.848436 -0.4073578 0.06770207 8.998313 3.702294 1.868117 1.655758 0.8138081 1.619929
-3.888236 -0.4071162 0.05624881 9.233707 3.854981 1.970283 1.399901 0.7076055 1.206455
-3.843363 -0.39484 0.03819096 8.481417 3.391268 1.678262 1.325548 0.6548079 1.315791
-3.664721 -0.3322939 0.07522001 7.725879 3.134536 1.626774 1.06025 0.5614574 1.153489
-3.788089 -0.3856663 0.01104677 8.747791 3.566044 1.806319 1.776015 0.8412736 1.621742
-3.766007 -0.3641472 0.05473724 9.288651 3.718399 1.849554 1.543361 0.7602465 1.417345
-3.770462 -0.3872095 0.01881175 8.869223 3.581118 1.777039 1.589534 0.7893627 1.533607
-3.783388 -0.3744297 0.05639472 8.082236 3.218372 1.599179 1.309676 0.6507829 1.254688
-3.871309 -0.4037406 0.02773945 9.865629 4.019222 1.970493 1.529418 0.713977 1.272386
-3.753549 -0.3696089 0.06571011 8.504899 3.455344 1.75965 1.382401 0.6981605 1.283057
-3.857093 -0.4142873 0.03332804 10.09738 4.123323 2.023971 1.923626 0.8983473 1.589698
-3.749604 -0.3638383 0.04237091 7.814463 3.122532 1.572699 1.272864 0.621241 1.288213
-3.816168 -0.3939232 0.0411345 9.270421 3.92033 2.003499 1.587527 0.7920741 1.309893
-3.815397 -0.3721562 0.04362736 9.894303 4.06299 2.019711 1.770892 0.8877835 1.428545
-3.723238 -0.3629673 0.03881577 8.032243 3.239726 1.633011 1.494987 0.7103085 1.414698
-3.807987 -0.4017865 0.03741993 9.463526 3.939767 2.006473 1.639579 0.8312416 1.49362
-3.814651 -0.392462 0.03923522 11.44032 4.697183 2.276756 2.280419 1.060428 1.513845
-3.791099 -0.3720568 0.04147718 8.904328 3.504963 1.721872 1.44051 0.6814305 1.309598
-3.810577 -0.3919095 0.04636124 8.739739 3.628027 1.830619 1.58358 0.802919 1.397725
-3.800211 -0.4019381 0.03465493 8.945785 3.645053 1.832829 1.560895 0.7722565 1.417045
-3.815923 -0.402137 0.04430677 8.895329 3.61752 1.804611 1.469209 0.7064705 1.370101
-3.760116 -0.3698396 0.0560303 8.348202 3.322739 1.65436 1.511521 0.6887364 1.357633
-3.82108 -0.4131 0.04798143 10.24702 4.242507 2.119355 1.723957 0.843608 1.329085
-3.769835 -0.3603782 0.05670921 8.539875 3.404502 1.688244 1.468018 0.6950235 1.421188
-3.793242 -0.3820106 0.07003388 9.39381 3.815699 1.877029 1.334607 0.6513943 1.101048
-3.787144 -0.3819077 0.0390838 8.651936 3.441903 1.725616 1.499952 0.7053979 1.353159
-3.799712 -0.39441 0.04715614 9.152194 3.801241 1.927614 1.370406 0.730242 1.293716
-3.83907 -0.4035505 0.04536715 9.410121 3.834021 1.908296 1.611268 0.7929717 1.423975
-3.76818 -0.3676851 0.06091987 9.726357 3.864406 1.884542 1.853537 0.8508898 1.424414
-3.810468 -0.390477 0.03578888 9.003095 3.696251 1.876195 1.506928 0.7596996 1.417342
-3.779751 -0.3836865 0.05381831 9.241575 3.745457 1.883859 1.557261 0.6924091 1.361332
-3.8073 -0.3922896 0.04709339 9.951117 4.039632 1.975018 1.888001 0.8898949 1.493127
-3.773348 -0.3811153 0.06107126 9.282408 3.767794 1.862721 1.783829 0.8579823 1.442031
-3.818871 -0.3927632 0.03230529 9.482594 3.809836 1.873724 1.63481 0.7881746 1.505388
-3.75381 -0.3732635 0.05391012 9.573709 3.93059 1.955245 1.573952 0.758896 1.31386
-3.732859 -0.3681907 0.04669157 9.136149 3.765034 1.895719 1.422953 0.7190805 1.386414
-3.776613 -0.3820775 0.04028067 8.675467 3.495003 1.757065 1.447731 0.7025349 1.285943
-3.779958 -0.379969 0.05156238 10.82968 4.451068 2.16129 2.120938 1.004185 1.532445
-3.798636 -0.3964851 0.03391795 8.931255 3.668259 1.874479 1.578783 0.8194953 1.539049
-3.800627 -0.3796847 0.0680399 10.21656 3.888417 1.821385 1.964284 0.8256359 1.419018
-3.826835 -0.4026573 0.03920552 9.073549 3.652057 1.807677 1.684284 0.7897016 1.499166
-3.789882 -0.3891449 0.05657648 8.84269 3.558335 1.789368 1.429705 0.7169723 1.301821
-3.785406 -0.37973 0.04135371 9.021532 3.638378 1.805632 1.538663 0.7453614 1.39412
-3.769252 -0.3730838 0.05293591 8.697509 3.527033 1.774893 1.49402 0.7518078 1.400532
-3.779993 -0.3822191 0.04882254 8.628984 3.524282 1.787114 1.477111 0.7348176 1.345538
-3.826057 -0.3976398 0.04894344 8.856608 3.710585 1.934008 1.38177 0.7078133 1.306487
-3.819664 -0.4017495 0.04274454 9.708221 3.959672 1.962482 1.587117 0.7913239 1.433703
-3.770554 -0.3734314 0.05470889 8.624146 3.494137 1.757466 1.456218 0.7290955 1.318243
-3.771417 -0.3712022 0.05428867 8.308726 3.348468 1.698374 1.484046 0.7174292 1.378548
-3.772337 -0.3784559 0.06077614 8.76895 3.507559 1.760837 1.398319 0.6838907 1.259963
-3.785487 -0.3806328 0.04447872 8.847506 3.562992 1.776867 1.544021 0.7430112 1.365657
-3.81834 -0.3989709 0.03785902 10.07715 4.247535 2.171642 1.891926 0.9248787 1.48364
-3.785838 -0.3820042 0.05259606 8.648218 3.537054 1.787001 1.394214 0.7076331 1.279508
-3.777807 -0.3778501 0.03629093 9.286788 3.781714 1.886277 1.624185 0.7665105 1.413566
-3.799454 -0.3947857 0.0533447 8.766852 3.632799 1.861865 1.50183 0.779484 1.349769
-3.796102 -0.3889468 0.05074519 8.873479 3.604814 1.79471 1.614983 0.7767904 1.4066
-3.788246 -0.3787804 0.04153671 9.050378 3.65417 1.820542 1.559513 0.7534031 1.377675
-3.753249 -0.3578337 0.06152069 9.00875 3.649202 1.801742 1.504872 0.7212921 1.368419
-3.785214 -0.3807578 0.05560565 9.188198 3.746733 1.875755 1.518454 0.7476427 1.284279
-3.796591 -0.3882517 0.05201235 8.899253 3.625116 1.819195 1.368236 0.6925994 1.315516
-3.849194 -0.4093721 0.04545111 10.02888 4.25143 2.166467 1.790434 0.9094829 1.427728
-3.772652 -0.3759072 0.05546056 8.962086 3.619949 1.793738 1.447117 0.6943788 1.336382
-3.801561 -0.3850576 0.04561821 9.193994 3.693634 1.831731 1.611158 0.7772886 1.437762
-3.831977 -0.3992472 0.04873024 9.00537 3.61319 1.80386 1.449552 0.7099562 1.292861
-3.800975 -0.3889354 0.04487497 9.03377 3.645479 1.819572 1.587106 0.7650601 1.385579
-3.788128 -0.3840141 0.0516062 8.964934 3.664961 1.864375 1.551263 0.7663434 1.368616
-3.805965 -0.3876856 0.05819405 9.549694 4.104393 2.194882 1.623183 0.8278886 1.389346
-3.75639 -0.3724621 0.06276638 8.879147 3.57118 1.793803 1.410626 0.7054021 1.319515
-3.802476 -0.3906 0.03676094 8.796296 3.567437 1.803008 1.529992 0.7685656 1.436801
-3.796043 -0.392855 0.04624617 9.453726 3.956702 2.01024 1.756741 0.8881777 1.477675
-3.784058 -0.3797169 0.05868814 8.395797 3.412609 1.727106 1.456879 0.7165365 1.343372
-3.789357 -0.3795587 0.05342803 9.230814 3.77961 1.886992 1.524293 0.7556005 1.309441
-3.831154 -0.4024186 0.04624559 9.691167 3.956478 1.978878 1.730414 0.8652647 1.429781
-3.78582 -0.380844 0.04387316 8.79556 3.567722 1.795154 1.500952 0.7395448 1.34866
-3.820226 -0.3971514 0.04395046 9.456801 3.825537 1.900372 1.598501 0.7764652 1.360956
-3.819361 -0.3993552 0.04561349 9.069805 3.703294 1.854902 1.594721 0.782472 1.433299
-3.788336 -0.3760632 0.05855813 8.592014 3.473987 1.73881 1.410344 0.6868014 1.252349
-3.770541 -0.3711917 0.06281148 8.966982 3.623525 1.804675 1.519123 0.7308659 1.293831
-3.801591 -0.3894489 0.04700549 9.296572 3.819573 1.916471 1.6263 0.7974408 1.386201
-3.794137 -0.388686 0.04787222 9.454066 3.91064 1.973377 1.550494 0.7657306 1.340221
-3.781423 -0.3777668 0.03765666 8.835285 3.598435 1.817832 1.581866 0.7796159 1.432689
-3.799291 -0.3895472 0.04591768 9.18647 3.805646 1.934475 1.631049 0.8147657 1.452446
-3.799148 -0.3894318 0.04667483 9.138163 3.721518 1.859617 1.560869 0.7651034 1.358802
-3.796236 -0.3869592 0.04953452 9.055318 3.685884 1.847635 1.553284 0.7492431 1.339159
-3.817546 -0.397407 0.04182779 9.130164 3.758431 1.902956 1.633148 0.8069703 1.424341
-3.79667 -0.3879378 0.04519464 9.519573 3.855449 1.913595 1.720202 0.8287013 1.49157
-3.787702 -0.382511 0.05636395 9.84878 4.022788 1.983895 1.627017 0.7889847 1.328692
-3.787177 -0.3815476 0.05035542 8.842443 3.609782 1.814314 1.529068 0.7591086 1.347055
-3.790957 -0.3824389 0.0469171 9.094371 3.711443 1.858104 1.584098 0.774795 1.373771
-3.811132 -0.3905422 0.04964198 9.581135 3.910139 1.951206 1.615507 0.7922301 1.388475
-3.783575 -0.3798709 0.04955594 9.055949 3.679504 1.838549 1.483388 0.726707 1.352707
-3.795745 -0.3850916 0.04431919 8.935239 3.624879 1.818753 1.598187 0.7773785 1.439368
