-4.649237 -0.6016084 0.1643597 7.937817 3.741297 1.941105 -0.7534217 -0.2072031 0.6464825
-4.944141 -0.8692828 -0.559862 10.59282 4.411652 2.363192 2.556628 1.192523 2.218057
-4.549573 -0.7112268 -0.297735 15.95894 6.302403 2.801932 5.065839 1.988563 2.788758
-4.358535 -0.6477914 -0.1140366 9.53255 3.875723 2.012263 1.210303 0.6766692 1.081412
-4.066083 -0.5843598 -0.2229679 9.912198 3.950944 2.283309 1.797808 1.250078 2.387363
-4.304022 -0.611327 -0.1388737 12.40997 4.898158 2.401011 2.283264 1.005821 1.830531
-4.105626 -0.5596191 -0.2257064 20.24976 8.730371 4.212354 4.528162 2.066221 3.136241
-4.523969 -0.7402415 -0.2117417 15.40027 6.51311 3.228303 2.7818 1.317222 1.945823
-4.347863 -0.6163316 -0.1182051 12.85822 5.096259 2.49785 2.346242 1.101333 1.643833
-4.352879 -0.7199805 -0.2095285 24.1622 11.44059 6.137551 6.48224 3.58986 3.822621
-4.428381 -0.715291 -0.248498 16.88717 7.440522 3.841992 4.241283 2.087558 2.863531
-4.256698 -0.6025052 -0.200248 12.52672 5.190913 2.672761 2.250886 1.158469 2.441801
-4.399734 -0.685982 -0.2111062 14.34603 6.176061 3.194349 3.140352 1.596009 2.606071
-4.282033 -0.6099066 -0.1619194 11.52902 4.669004 2.383367 2.459854 1.204577 2.398751
-4.373132 -0.6556631 -0.2097849 11.7919 4.669703 2.33219 2.296375 1.092878 2.591405
-4.445293 -0.6949273 -0.2057171 16.61725 7.224378 3.642532 3.234312 1.677979 2.585091
-4.321559 -0.6224968 -0.171145 11.71948 4.824713 2.406841 2.370363 1.116743 2.201781
-4.334464 -0.6354207 -0.2051648 13.20061 5.312459 2.592648 2.528817 1.111022 3.029085
-4.317179 -0.6392184 -0.1535238 13.76801 6.062352 3.238738 3.147846 1.636296 2.61327
-4.22286 -0.604205 -0.1632335 12.40098 5.247633 2.693547 2.023218 1.030662 1.866067
-4.28322 -0.6196092 -0.1705463 13.64086 5.565478 2.759878 2.367954 1.197434 2.161824
-4.35265 -0.6275567 -0.1868754 13.4608 5.402123 2.649846 2.433475 1.11073 2.034855
-4.33345 -0.6253986 -0.1899259 12.71125 5.116559 2.54267 2.248585 1.063574 2.057315
-4.31422 -0.6335469 -0.196129 13.40122 5.52053 2.772708 2.725067 1.317289 2.349958
-4.268168 -0.6055139 -0.1730581 12.19367 5.034434 2.615031 2.202921 1.127781 2.115444
-4.2463 -0.5904556 -0.1933255 12.91188 5.250566 2.581277 2.20229 1.068929 2.552032
-4.374979 -0.6511066 -0.2150074 12.39083 5.05282 2.526191 2.381137 1.155726 2.179374
-4.465011 -0.6981345 -0.1859714 14.79427 6.228048 3.11647 2.526202 1.218464 2.009643
-4.360517 -0.6759126 -0.1895919 14.98916 6.070292 2.97059 2.766004 1.278709 2.078293
-4.280175 -0.6228027 -0.1745788 12.01131 4.760909 2.390831 1.963576 0.9476045 1.979478
-4.258076 -0.6149037 -0.1597072 12.13884 4.993022 2.551679 2.215703 1.135865 2.092168
-4.335411 -0.6347767 -0.1881629 14.29689 5.94261 3.005549 2.366179 1.185405 2.154351
-4.1898 -0.5871196 -0.1679437 12.0668 5.004587 2.537696 2.202373 1.118002 2.049625
-4.376958 -0.6588303 -0.182425 14.47314 6.091583 3.047221 2.709858 1.297443 2.109574
-4.318286 -0.6456956 -0.1881564 12.89153 5.288847 2.676241 2.491256 1.18187 2.069881
-4.304625 -0.6375761 -0.1938124 13.43372 5.561815 2.863762 2.749235 1.394689 2.342786
-4.353545 -0.6573381 -0.1913567 13.33172 5.449048 2.799175 2.353087 1.29056 2.468652
-4.268531 -0.6091415 -0.1816149 12.2214 5.038839 2.53325 2.134055 1.037855 1.950783
-4.314342 -0.6233956 -0.1970409 13.59471 5.634213 2.812518 2.824679 1.398406 2.363264
-4.339591 -0.6537484 -0.1750723 13.71633 5.702539 2.879805 2.560316 1.242893 2.100238
-4.364425 -0.6600399 -0.1905209 13.55478 5.637285 2.795619 2.671845 1.280994 2.244717
-4.369774 -0.6600291 -0.198846 14.41202 6.01509 3.046207 2.723276 1.303111 2.21153
-4.289576 -0.6444555 -0.1819948 12.8188 5.327186 2.724081 2.388056 1.207101 2.035505
-4.331578 -0.6330029 -0.1726079 12.93956 5.332547 2.69506 2.451089 1.219784 2.127733
-4.295888 -0.6163301 -0.1887358 13.85413 5.464551 2.643954 2.970495 1.299243 2.70917
-4.344836 -0.6518165 -0.1950456 13.32823 5.594742 2.828477 2.786562 1.411236 2.422731
-4.303311 -0.630821 -0.1627892 13.28272 5.538631 2.822184 2.527348 1.343282 2.2004
-4.332871 -0.6374482 -0.1722258 15.36176 6.183679 2.996825 2.523664 1.229533 2.061583
-4.279211 -0.6215638 -0.1646696 12.30263 5.063834 2.538978 2.150637 1.044453 1.922241
-4.298328 -0.6352349 -0.1892451 14.12078 5.840625 2.911474 3.345767 1.638834 3.054002
-4.271224 -0.6115343 -0.2070677 13.07539 5.299291 2.643145 2.596397 1.217742 2.259753
-4.369651 -0.6709676 -0.2047493 16.59649 6.820374 3.315702 3.438957 1.592545 2.588364
-4.334451 -0.6553547 -0.2127278 14.08625 5.829635 2.913733 2.792924 1.371683 2.260254
-4.35735 -0.6537234 -0.1953209 14.3106 5.777413 2.850215 2.837942 1.385134 2.345326
-4.386476 -0.6697213 -0.2085241 15.49744 6.368396 3.106078 3.108817 1.458777 2.531644
-4.33621 -0.6466688 -0.1963954 13.65217 5.715971 2.879228 2.808693 1.368404 2.345319
-4.29327 -0.630584 -0.1910543 13.20739 5.431785 2.715903 2.499731 1.228385 2.163924
-4.287178 -0.6074767 -0.1834418 12.93941 5.153863 2.51537 2.503931 1.156972 2.222773
-4.298759 -0.6333764 -0.1776528 13.70894 5.6934 2.873883 2.796228 1.380891 2.335778
-4.326081 -0.6381465 -0.1828321 13.17013 5.323254 2.63411 2.377051 1.15306 2.116302
-4.352203 -0.6566204 -0.1979794 13.82758 5.792778 2.930382 2.618438 1.302754 2.260927
-4.26881 -0.6216571 -0.1731064 13.08595 5.394614 2.703653 2.345279 1.163494 2.067012
-4.380931 -0.6671989 -0.1874045 15.05879 6.347196 3.20015 3.120746 1.571898 2.398008
-4.323486 -0.6395349 -0.1796561 13.72012 5.70975 2.892646 2.665063 1.343629 2.268969
-4.286564 -0.6201894 -0.1884263 12.65326 5.2121 2.65982 2.508823 1.250704 2.308317
-4.300603 -0.6384167 -0.1795664 12.98167 5.399294 2.747468 2.3094 1.139609 2.098964
-4.370179 -0.6588473 -0.1975196 15.98493 6.523668 3.197359 3.436982 1.594463 2.621243
-4.311032 -0.6308426 -0.1817281 14.46013 5.946562 2.941301 2.799311 1.34078 2.26028
-4.337705 -0.6556765 -0.1893679 13.49246 5.62801 2.839332 2.598195 1.310166 2.300989
-4.302286 -0.6409291 -0.1853831 13.01073 5.402479 2.737425 2.387554 1.190693 2.116747
-4.296696 -0.6286678 -0.1909054 13.0014 5.297746 2.659922 2.353686 1.1526 2.069385
-4.29836 -0.629901 -0.1997372 12.9244 5.304748 2.673326 2.385434 1.185646 2.201375
-4.331639 -0.6377673 -0.1846005 13.88438 5.795778 2.905348 2.772607 1.328602 2.319171
-4.305502 -0.6250605 -0.1942869 14.19528 5.841736 2.913949 2.846702 1.349916 2.393415
-4.282793 -0.6251857 -0.18584 13.23622 5.454507 2.741763 2.498421 1.238373 2.211542
-4.337334 -0.6495651 -0.1926782 13.33296 5.583643 2.844722 2.641661 1.322034 2.283815
-4.344052 -0.6539713 -0.1910538 15.13332 6.591459 3.437334 3.289641 1.705267 2.6473
-4.285399 -0.6245346 -0.1864233 13.49667 5.566893 2.805893 2.417317 1.18569 2.216018
-4.327646 -0.6514245 -0.1909173 14.06983 5.889716 2.977716 2.58874 1.295065 2.171827
-4.350971 -0.652329 -0.1871186 14.00464 5.911508 3.000234 2.776782 1.355402 2.314885
-4.295292 -0.6336005 -0.1792208 13.22593 5.495566 2.788118 2.526592 1.250354 2.213426
-4.345335 -0.6508047 -0.2026613 13.75013 5.64999 2.820522 2.684744 1.299392 2.259881
-4.29618 -0.6273317 -0.1868406 13.95957 5.838547 2.931168 2.789531 1.381323 2.306146
-4.319849 -0.6389733 -0.1811702 12.88989 5.346573 2.717059 2.528623 1.292564 2.273459
-4.312149 -0.6458081 -0.1708006 13.26461 5.578524 2.872204 2.399988 1.21129 2.070704
-4.276338 -0.6191367 -0.1897053 13.71263 5.602484 2.786812 2.638034 1.280273 2.227254
-4.327518 -0.6442762 -0.1891067 17.80615 7.513948 3.665898 3.254222 1.558137 2.328024
-4.35198 -0.652728 -0.1826782 13.73302 5.681131 2.858885 2.53804 1.275997 2.177828
-4.323179 -0.651706 -0.1919606 13.97466 5.832386 2.949602 2.615672 1.295213 2.231982
-4.318913 -0.6391185 -0.1929834 13.54883 5.587547 2.828643 2.718203 1.358595 2.38212
-4.306081 -0.6380293 -0.1828575 13.61676 5.687082 2.87136 2.680915 1.332413 2.305671
-4.326057 -0.6458935 -0.1953052 14.83782 6.145833 3.054745 3.097951 1.527553 2.581306
-4.299505 -0.6359672 -0.1780819 13.00441 5.39147 2.725231 2.408094 1.217154 2.207186
-4.32663 -0.6460633 -0.1834218 14.23226 5.862694 2.907488 2.568873 1.245324 2.183266
-4.319565 -0.639536 -0.193753 13.68745 5.69148 2.878289 2.679053 1.323889 2.394859
-4.292397 -0.6312785 -0.1757446 13.19556 5.489095 2.784991 2.470815 1.215685 2.139109
-4.318024 -0.6460166 -0.1837475 13.68393 5.626038 2.813278 2.587653 1.264267 2.181687
-4.313478 -0.6409924 -0.1908783 13.1747 5.400202 2.707576 2.550633 1.25451 2.203389
-4.276433 -0.6195668 -0.1701818 12.50285 5.162559 2.652406 2.283882 1.128218 2.050503
-4.332414 -0.6464826 -0.176986 13.02467 5.349919 2.677106 2.348332 1.161784 2.046747
-4.320176 -0.64299 -0.1905843 13.86933 5.754524 2.891567 2.576313 1.266781 2.267264
-4.32586 -0.6451999 -0.1957675 14.95083 6.268628 3.126021 2.965975 1.463588 2.322272
-4.281329 -0.6240058 -0.1830991 12.80358 5.279624 2.670153 2.446317 1.196028 2.163867
-4.305191 -0.6358144 -0.1860135 13.45223 5.595608 2.823901 2.524386 1.247378 2.184012
-4.317799 -0.6371496 -0.177983 13.33734 5.471265 2.743964 2.513832 1.222265 2.167741
-4.34114 -0.6544197 -0.1964041 13.91812 5.730728 2.869069 2.73369 1.315588 2.270645
-4.32167 -0.6392389 -0.185152 13.63962 5.642896 2.83309 2.535456 1.248425 2.208307
-4.333216 -0.6456185 -0.1932888 13.72112 5.679685 2.844113 2.61645 1.280346 2.252665
-4.321625 -0.6409533 -0.1920808 13.60938 5.642329 2.834128 2.576094 1.271835 2.2408
-4.318339 -0.6437908 -0.1892821 13.80296 5.736553 2.888219 2.68588 1.308675 2.356224
-4.339756 -0.6446533 -0.1927469 13.8003 5.671449 2.826593 2.644467 1.277869 2.255581
-4.323053 -0.6460198 -0.1924783 13.75841 5.679052 2.845088 2.626936 1.28298 2.208708
