-4.654421 -0.8515131 0.2824769 6.467957 2.998147 1.662794 0.4220631 0.294683 0.2204557
-3.449595 -0.2676755 0.1505237 5.226076 1.751169 0.8583828 0.1487296 0.1219836 0.3551271
-3.917668 -0.4625204 -0.1252058 7.394655 2.735942 1.306503 0.9386954 0.397767 0.9820983
-3.942511 -0.3693224 0.08806266 6.101433 2.386366 1.189245 0.7303476 0.3354666 0.7380578
-3.781329 -0.3480812 0.02451389 6.233369 2.428923 1.236177 0.4803016 0.2793748 0.7715739
-3.866185 -0.4080185 0.05876069 6.361261 2.502327 1.265833 0.7044497 0.333874 0.915116
-3.873197 -0.4307979 0.02088665 6.060181 2.473324 1.334693 0.463834 0.2323242 0.7809024
-3.752941 -0.3928642 0.07602073 6.306928 2.511978 1.294465 0.6215448 0.3298658 0.7992326
-3.776126 -0.3884801 0.0300323 6.187015 2.247692 1.121565 0.526854 0.2537275 0.71884
-3.690049 -0.3722817 0.05872122 6.411958 2.465457 1.226303 0.6236703 0.3156613 0.7461189
-3.849012 -0.3948404 0.04285275 6.658333 2.53679 1.250001 0.6309627 0.2887871 0.8601956
-3.807992 -0.4000713 -0.007876523 6.289483 2.3806 1.199959 0.6601308 0.3108349 0.9256244
-3.723598 -0.3525634 0.03288584 5.839535 2.234237 1.14247 0.5396446 0.276081 0.7655465
-3.885592 -0.4259637 0.0645654 6.305332 2.422581 1.232379 0.4540195 0.2473224 0.759886
-3.701446 -0.3665415 0.04979899 6.077567 2.321318 1.184745 0.5677192 0.2955493 0.8223883
-3.879106 -0.4288743 0.03451985 6.58674 2.513849 1.251244 0.6433207 0.2971231 0.7822072
-3.811148 -0.3914985 0.04600871 6.591361 2.531289 1.267186 0.7458446 0.3483554 0.7965784
-3.757639 -0.3963639 0.02416895 6.163939 2.377628 1.19828 0.5587976 0.2945868 0.8726266
-3.822129 -0.4095517 0.03338425 6.303599 2.428658 1.240463 0.597212 0.3055811 0.8366792
-3.889067 -0.4227556 0.02843593 6.512135 2.5047 1.257241 0.6493815 0.3194733 0.7738745
-3.793096 -0.3708766 0.04937299 6.282947 2.377832 1.177238 0.5240903 0.2687964 0.7879579
-3.802867 -0.3902432 0.05791884 6.221264 2.374426 1.200993 0.5243664 0.264481 0.7297424
-3.838558 -0.4101543 0.0332747 6.167672 2.348195 1.179012 0.5401883 0.2735986 0.8071988
-3.882751 -0.4220914 0.01686827 6.608841 2.537813 1.272802 0.6082719 0.3194065 0.8511789
-3.824687 -0.3949295 0.03520176 6.250356 2.364309 1.192133 0.5982118 0.2959405 0.8390346
-3.820078 -0.3944576 0.03103397 6.471582 2.455192 1.213247 0.5235956 0.2640387 0.8010606
-3.877621 -0.4199823 0.02745784 6.464809 2.477841 1.243333 0.6366944 0.318147 0.8331798
-3.827411 -0.3922001 0.05060561 6.329471 2.425778 1.22314 0.5831342 0.2889404 0.7845117
-3.798145 -0.3917465 0.03709911 6.096546 2.327463 1.187276 0.5094454 0.2695633 0.794612
-3.738517 -0.364461 0.0387622 6.174329 2.357062 1.182325 0.5811006 0.2942937 0.7867333
-3.834133 -0.4210827 0.01406345 6.468708 2.47195 1.239394 0.5916583 0.2934131 0.852044
-3.852423 -0.4167654 0.03461841 6.561195 2.508571 1.264364 0.602126 0.2992638 0.818808
-3.804526 -0.3903421 0.03520068 6.106283 2.337268 1.18432 0.5672189 0.2802414 0.7928208
-3.805954 -0.4085074 0.03727513 6.47452 2.501853 1.261967 0.672581 0.321056 0.7915765
-3.819381 -0.4024449 0.04940348 6.297707 2.436283 1.234765 0.5768117 0.2983953 0.819371
-3.809225 -0.4002496 0.03269746 6.148109 2.366048 1.203419 0.5697273 0.2963054 0.801086
-3.763823 -0.3706487 0.0473016 6.148755 2.340479 1.170747 0.6071455 0.2974429 0.7962169
-3.803683 -0.3952755 0.04293827 6.315556 2.421212 1.223461 0.5999455 0.3039234 0.8224329
-3.84214 -0.42046 0.03396335 6.401739 2.465673 1.23702 0.6390467 0.3177184 0.790123
-3.884138 -0.4268893 0.03924481 6.67335 2.557652 1.276262 0.5991061 0.3017346 0.8017542
-3.817541 -0.4005022 0.04391696 6.282583 2.415223 1.218383 0.6029026 0.3066036 0.8088168
-3.863643 -0.413098 0.03688951 6.525696 2.519039 1.265766 0.6177128 0.3077248 0.8547495
-3.838628 -0.412439 0.02183786 6.410594 2.47573 1.256273 0.6332156 0.3118419 0.8518884
-3.809908 -0.407199 0.05323135 6.223542 2.369762 1.188852 0.5519632 0.2638601 0.7926421
-3.835285 -0.4019014 0.03756347 6.163895 2.347967 1.192366 0.5500445 0.2752698 0.799848
-3.88752 -0.4253193 0.05225619 6.590569 2.517892 1.255937 0.590896 0.292375 0.8020722
-3.837127 -0.4115642 0.02760197 6.400589 2.449147 1.235852 0.6228178 0.3064413 0.8342879
-3.833264 -0.4080425 0.03132719 6.33662 2.4538 1.241696 0.5906138 0.2937557 0.8043012
-3.840468 -0.3995985 0.05287136 6.348175 2.44095 1.230962 0.6131452 0.3007417 0.786241
-3.800793 -0.3997751 0.05001138 6.302673 2.424195 1.231104 0.562862 0.2791014 0.7839387
-3.830037 -0.4143123 0.03800044 6.423971 2.484814 1.253044 0.5713211 0.2914084 0.8072006
-3.877177 -0.4161936 0.03161255 6.550241 2.497331 1.242684 0.6397866 0.3232222 0.8315606
-3.82995 -0.4031148 0.05177475 6.395557 2.467024 1.253199 0.611442 0.3029031 0.7932043
-3.821076 -0.3952359 0.03265376 6.38648 2.434903 1.22215 0.5848578 0.2813188 0.7954385
-3.80199 -0.3922259 0.0361234 6.329512 2.419391 1.21141 0.5727468 0.288819 0.7956039
-3.801686 -0.3952772 0.022426 6.1294 2.335862 1.172282 0.5480729 0.2826837 0.8205978
-3.850198 -0.4121481 0.03973606 6.493577 2.505487 1.257219 0.6256323 0.3035333 0.8124747
-3.804996 -0.399557 0.04582336 6.20675 2.382882 1.210437 0.5549853 0.2878442 0.7876587
-3.829474 -0.4049244 0.03220731 6.326522 2.427212 1.224528 0.5953358 0.2983382 0.8316025
-3.799578 -0.3955487 0.03497011 6.219864 2.393211 1.217408 0.5959459 0.2926623 0.8142283
-3.812687 -0.4016503 0.04177888 6.229289 2.394168 1.217575 0.5867348 0.2933506 0.774065
-3.83869 -0.4033 0.02139995 6.408042 2.45354 1.234859 0.5676196 0.2932827 0.8164121
-3.843049 -0.4136801 0.03953445 6.582285 2.513755 1.253695 0.6188656 0.3058219 0.8206772
-3.827138 -0.4035649 0.03912961 6.447805 2.465272 1.238272 0.6053474 0.3037347 0.798467
-3.808735 -0.3927012 0.01843137 6.266189 2.382866 1.19934 0.5981503 0.2959024 0.8288822
-3.788744 -0.3855633 0.045426 6.24059 2.379361 1.194228 0.5853704 0.2969731 0.7906044
-3.817936 -0.4033439 0.03988192 6.399491 2.459395 1.228953 0.5748919 0.2846951 0.8023749
-3.824458 -0.3998148 0.02971848 6.450167 2.463189 1.235391 0.6352491 0.3143872 0.818013
-3.837436 -0.4145144 0.03913552 6.527528 2.495205 1.255918 0.6164872 0.3061114 0.8078573
-3.810064 -0.4006 0.03945913 6.278152 2.419197 1.224942 0.5943174 0.2971202 0.8123958
-3.823693 -0.4029783 0.03269043 6.47034 2.470338 1.235963 0.634986 0.3101053 0.8264032
-3.830167 -0.4027207 0.04039181 6.256377 2.405804 1.223683 0.6149312 0.30075 0.7990783
-3.833906 -0.4014322 0.03528971 6.25919 2.412461 1.227193 0.6141276 0.3038529 0.8231228
-3.839295 -0.415737 0.03803989 6.492516 2.522928 1.270644 0.6043469 0.3010501 0.8122173
-3.828721 -0.4064016 0.03126299 6.389291 2.454588 1.232645 0.6163586 0.3046237 0.813243
-3.783256 -0.3816259 0.04128671 6.234005 2.383252 1.203373 0.5650652 0.2872593 0.7892477
-3.811659 -0.3989162 0.04567589 6.270652 2.42408 1.234872 0.5899102 0.2970793 0.7926078
-3.835634 -0.4060054 0.02915264 6.435138 2.469854 1.245359 0.6006444 0.2997904 0.8259535
-3.819002 -0.4017655 0.03234292 6.311929 2.403179 1.211585 0.5853659 0.2956169 0.8125474
-3.831465 -0.4100384 0.05241899 6.481236 2.501631 1.25926 0.620578 0.3098827 0.7760758
-3.830858 -0.4035071 0.02593811 6.321383 2.425431 1.225062 0.5959297 0.2958827 0.8224369
-3.840414 -0.4113858 0.03915131 6.396299 2.456117 1.236601 0.555188 0.2777794 0.7714543
-3.83631 -0.405856 0.04550932 6.558675 2.507167 1.251391 0.6088246 0.2997314 0.7983197
-3.817968 -0.3975615 0.02942509 6.210414 2.38691 1.20854 0.5925548 0.3001866 0.8078917
-3.835317 -0.4071102 0.03556078 6.453396 2.47888 1.24499 0.6382761 0.3130623 0.8193048
-3.822726 -0.4032698 0.03610365 6.362075 2.446087 1.23698 0.6567958 0.3286361 0.8342996
-3.812044 -0.3948814 0.0381723 6.391924 2.462077 1.238567 0.6137196 0.3005261 0.813677
-3.827349 -0.4069771 0.03916832 6.377412 2.445003 1.235606 0.6070544 0.2998804 0.8066745
-3.832691 -0.4089331 0.04180926 6.301431 2.414474 1.223938 0.5922425 0.2979782 0.8144172
-3.847395 -0.4070407 0.03137913 6.46686 2.47944 1.241862 0.6038117 0.30067 0.8096295
-3.830848 -0.4025668 0.03188974 6.386074 2.458131 1.240262 0.5994505 0.2957678 0.8087942
-3.821081 -0.4073114 0.04011266 6.403895 2.462768 1.239568 0.5864256 0.2919551 0.8126503
-3.82895 -0.4035685 0.04049825 6.366661 2.449431 1.232654 0.6088993 0.3004972 0.8050935
-3.833457 -0.4051466 0.03751272 6.323479 2.433293 1.22734 0.6111022 0.3003854 0.8062687
-3.823701 -0.3994702 0.038205 6.373914 2.447703 1.235956 0.5903723 0.29504 0.8098875
-3.834868 -0.407898 0.03068973 6.377422 2.457603 1.242341 0.6067836 0.3060571 0.813681
-3.831352 -0.4059222 0.03597084 6.383519 2.438986 1.220402 0.6151959 0.3039342 0.8245744
-3.826714 -0.4066526 0.03436826 6.357531 2.453924 1.23965 0.6276054 0.3110106 0.8133806
-3.821953 -0.3999442 0.0451168 6.342467 2.419719 1.216667 0.5951376 0.2945192 0.7940832
-3.827546 -0.4042096 0.04419957 6.455859 2.465464 1.236111 0.5652767 0.2830244 0.7865099
-3.82924 -0.4039123 0.03806905 6.39884 2.447426 1.230628 0.6023522 0.2962812 0.7998087
-3.832061 -0.4033579 0.03902933 6.394029 2.451142 1.233087 0.5888672 0.2961399 0.8097815
-3.823052 -0.4010917 0.03463013 6.259155 2.398148 1.209452 0.5903985 0.2964127 0.8020074
-3.84193 -0.4084642 0.03336216 6.429425 2.477084 1.247144 0.6013956 0.3012032 0.8168682
-3.828455 -0.4066875 0.04182854 6.319895 2.431146 1.229359 0.5936294 0.2957115 0.7984522
-3.832187 -0.4055821 0.03711084 6.313168 2.423953 1.225509 0.5801475 0.2909179 0.8012579
-3.820738 -0.4035485 0.03873823 6.285021 2.406844 1.21544 0.5694306 0.2855431 0.7947309
-3.798619 -0.3950196 0.03568691 6.353537 2.445497 1.234959 0.5707645 0.2910073 0.8147596
-3.826027 -0.4026373 0.03658926 6.324223 2.425462 1.225456 0.5907278 0.2948383 0.8139364
-3.811951 -0.3999286 0.03638072 6.297091 2.408472 1.213701 0.5925084 0.2943684 0.8053938
-3.817144 -0.4009601 0.03963851 6.381403 2.453665 1.235355 0.6219951 0.3079309 0.8059524
-3.838756 -0.4093569 0.0360226 6.402074 2.453093 1.233935 0.6066539 0.3001438 0.8073332
