-0.212445 0.604151 0.6291131 0.2262269 0.03327183 0.1077388 0.0268789 -0.004545855 0.06908668
-0.3366405 0.4507221 0.3286948 0.2331936 -0.03720498 0.2399776 -0.02180398 0.09077437 0.2784472
-0.3745442 0.5796283 0.335757 0.2388661 0.009080748 0.1123126 -0.08000287 0.03121071 0.2988185
-0.3321582 0.6226544 0.3537695 0.2539582 0.01530407 0.1175971 -0.01737232 0.0135355 0.2488335
-0.3696929 0.6095912 0.3467377 0.2460555 0.007831626 0.1240256 -0.03353625 0.02866419 0.2797426
-0.3808747 0.591295 0.3341778 0.2556341 0.007406549 0.1327782 -0.02979473 0.02919536 0.2734809
-0.331023 0.6106917 0.343647 0.2618462 0.007706886 0.11992 -0.02453299 0.03019741 0.2777197
-0.3611003 0.5728783 0.3341551 0.2449142 2.451012e-05 0.1433282 -0.02053995 0.02600615 0.2770425
-0.3507508 0.5828579 0.3310279 0.2493376 0.005403183 0.1429168 -0.0267488 0.03096078 0.2868921
-0.3465522 0.5916088 0.3068623 0.2567775 0.005251826 0.1363742 -0.03598532 0.03588585 0.2984971
-0.3464553 0.6015315 0.3543458 0.2590057 0.001193027 0.1254256 -0.01701345 0.02733481 0.2783195
-0.3670669 0.5882391 0.3492492 0.2586796 0.004850156 0.1354332 -0.02881504 0.03523008 0.2773997
-0.3643888 0.5958433 0.3469341 0.2497217 0.008726674 0.1369131 -0.02358726 0.03451133 0.2772082
-0.340065 0.5929684 0.3379713 0.259712 0.00585209 0.1303427 -0.03421239 0.03613428 0.267271
-0.3455448 0.6020221 0.3540629 0.2531808 0.002789431 0.1318653 -0.01995599 0.03579943 0.2725059
-0.3470594 0.6038001 0.3494245 0.2661709 0.001766999 0.1256781 -0.02637207 0.02881755 0.2742078
-0.3644074 0.5975011 0.3580759 0.2484213 0.01153452 0.1336603 -0.02023012 0.04121955 0.2724806
-0.3460696 0.5965623 0.3416471 0.25748 0.007178709 0.1311733 -0.02503187 0.03009663 0.2689937
-0.3370301 0.6010661 0.3406586 0.2572074 -0.003218146 0.1316002 -0.03216663 0.0363298 0.2761278
-0.3358564 0.5948019 0.3293721 0.2612216 0.001079639 0.1326106 -0.03874528 0.0400029 0.2819851
-0.3448705 0.5971637 0.3314405 0.2732062 0.002061083 0.1284337 -0.03432668 0.03109538 0.2880134
-0.3472087 0.5973768 0.34471 0.2610127 0.005039594 0.1322823 -0.02095723 0.03080006 0.2719291
-0.3525354 0.5920714 0.3410187 0.2514843 0.005684663 0.1325562 -0.03093281 0.03664822 0.2700525
-0.3342574 0.6069429 0.3448657 0.2596494 0.007024939 0.1241994 -0.02602283 0.02960845 0.2785848
-0.3667704 0.5934204 0.3655981 0.2500916 0.008676374 0.1315623 -0.02667025 0.03348276 0.2644681
-0.3438186 0.5989764 0.3547817 0.2615738 0.004225285 0.1312708 -0.03948275 0.03134226 0.2690628
-0.3439207 0.5929342 0.3286823 0.2623547 0.008831926 0.1318372 -0.03155635 0.03341191 0.2798363
-0.3499157 0.5940093 0.3381912 0.2566613 0.008724947 0.1366564 -0.02849779 0.03398471 0.2758319
-0.3556935 0.6006157 0.3398963 0.2615938 0.008849222 0.132388 -0.02769437 0.02779088 0.2727704
-0.3431343 0.6039098 0.3349075 0.2569269 0.005841799 0.1250104 -0.0341296 0.03369604 0.2857489
-0.3486809 0.5886104 0.3448549 0.2603104 0.004713728 0.1350897 -0.02820347 0.03368758 0.2743482
-0.3441004 0.603565 0.3443026 0.2651319 0.005096578 0.1270612 -0.02880092 0.03513524 0.2734245
-0.3410782 0.5975141 0.3389608 0.2611097 0.002157251 0.1318722 -0.03652702 0.03415665 0.2840143
-0.346937 0.5967224 0.3565986 0.2517857 0.006884112 0.1305391 -0.03138386 0.03410459 0.2753533
-0.3423803 0.5964566 0.3226783 0.2609629 0.00850905 0.1321331 -0.03243155 0.03498994 0.2871022
-0.3507894 0.5975959 0.3398247 0.2553893 0.004301622 0.1339077 -0.03696679 0.03387353 0.2832073
-0.3421694 0.598253 0.3374796 0.2616053 0.005063183 0.1315436 -0.02853293 0.03754453 0.2790114
-0.3533164 0.5983395 0.3457046 0.2557201 0.006193737 0.132978 -0.03142374 0.03007403 0.2766843
-0.3539335 0.5998462 0.3283499 0.2560089 0.005094412 0.12648 -0.03463257 0.03456743 0.2898456
-0.3498955 0.6083275 0.3388492 0.2572233 0.008119089 0.1267992 -0.03365077 0.03399428 0.2787477
-0.349867 0.5977228 0.3400369 0.2532876 0.004532013 0.1296057 -0.02612277 0.0352893 0.2731573
-0.355233 0.6071321 0.3490258 0.2461452 0.008225722 0.1261146 -0.02677808 0.02956549 0.2774481
-0.3474711 0.5993155 0.3342172 0.2596243 0.005975871 0.1281981 -0.03016555 0.03231817 0.2825334
-0.333729 0.6019266 0.3418245 0.2625664 0.007649387 0.1283771 -0.03143365 0.02933841 0.2783823
-0.3483478 0.5975109 0.3445405 0.256874 0.007487687 0.1346447 -0.02949444 0.03511509 0.2747237
-0.3513783 0.6021676 0.3461325 0.2553797 0.009373604 0.126961 -0.02772275 0.0322665 0.2779203
-0.3577125 0.5974914 0.3395087 0.2516693 -0.0001002154 0.1302045 -0.03127477 0.03428187 0.2781256
-0.3402403 0.5946861 0.3432068 0.2630749 0.005514191 0.1311504 -0.03071739 0.0351718 0.277157
-0.3595871 0.5951566 0.3472152 0.2522156 0.002858961 0.1356232 -0.02539507 0.0324298 0.2753244
-0.3492452 0.5999381 0.335042 0.2571732 0.005438819 0.1271744 -0.0325609 0.03493837 0.2792491
-0.3583298 0.6064886 0.3516486 0.2524331 0.004277477 0.1278753 -0.03240215 0.03356114 0.2731284
-0.3406958 0.5941384 0.3327827 0.2594286 0.001152907 0.1354127 -0.03545466 0.03381783 0.2836987
-0.3547505 0.5962051 0.3431299 0.2559446 0.009074438 0.1329986 -0.02497967 0.03270374 0.2813928
-0.3464385 0.5983602 0.3467509 0.2597949 0.005149978 0.129938 -0.0317008 0.03486773 0.2785133
-0.3555667 0.6015886 0.3417108 0.2486011 0.00457831 0.1273449 -0.03286944 0.03232998 0.2721452
-0.3488178 0.6006594 0.345972 0.2615958 0.005626374 0.1273936 -0.03090328 0.03438805 0.2773597
-0.3437138 0.6000521 0.337607 0.2632541 0.007112142 0.1304898 -0.03097283 0.03273608 0.28119
-0.3398548 0.5986375 0.3453248 0.2616934 0.008338551 0.1308507 -0.03215452 0.03324168 0.2761772
-0.3479375 0.601008 0.3476087 0.2601685 0.00689686 0.1304362 -0.03186537 0.03315104 0.2774814
-0.3516763 0.5962336 0.3467864 0.2514344 0.006625608 0.1307342 -0.02746353 0.0350251 0.2730469
-0.3489745 0.6005412 0.3457751 0.2561863 0.004788306 0.1323828 -0.03615233 0.03143331 0.2796782
-0.3551532 0.5977509 0.3421887 0.2564693 0.005781444 0.1282767 -0.03044339 0.03473141 0.2780567
-0.3410124 0.598324 0.3421322 0.2571867 0.008159736 0.1307281 -0.03045499 0.03172481 0.276017
-0.3386834 0.5984653 0.3387395 0.2587069 0.005056125 0.1306249 -0.03276905 0.02935409 0.2813542
-0.3490531 0.5989151 0.3402663 0.2588651 0.007145761 0.1302143 -0.03016537 0.03259801 0.2772543
-0.3469773 0.5969112 0.3465387 0.2580329 0.006413164 0.1284163 -0.03246604 0.03130965 0.2759753
-0.3538232 0.597095 0.3329708 0.25761 0.005088117 0.1304091 -0.03366259 0.03363359 0.2786088
-0.3469885 0.596383 0.3455767 0.259442 0.00551886 0.1303086 -0.03175236 0.029781 0.2762375
-0.3487414 0.6008917 0.3437778 0.255601 0.005526072 0.1307353 -0.03236901 0.03414204 0.2778529
-0.3468556 0.5988478 0.3399025 0.25852 0.006776767 0.1281065 -0.03121698 0.03429486 0.2831595
-0.3395915 0.6013948 0.3381189 0.2590151 0.00607741 0.1285381 -0.02977728 0.03308662 0.2794059
-0.3513553 0.599559 0.3372076 0.2545577 0.005054672 0.1273067 -0.02822245 0.0324287 0.2797571
-0.352534 0.5982403 0.3405961 0.2557145 0.007609802 0.1279703 -0.03004829 0.03153895 0.2784708
-0.3538329 0.6003865 0.3458679 0.2554983 0.00708028 0.1293342 -0.03192917 0.03429138 0.2721275
-0.3490712 0.597927 0.342779 0.2583045 0.005646199 0.1280352 -0.02992188 0.03507371 0.277752
-0.3507305 0.6015608 0.3486094 0.2540406 0.005973853 0.1299962 -0.02963382 0.03235238 0.2765869
-0.3456229 0.602688 0.342932 0.2605592 0.0072652 0.1269797 -0.03209926 0.03370065 0.2766796
-0.3478449 0.5975184 0.3466033 0.2569354 0.007881573 0.1313123 -0.03089748 0.03025322 0.2745552
-0.3444965 0.5981229 0.3384354 0.2599356 0.005673537 0.1321187 -0.03085693 0.03279578 0.2796319
-0.3514829 0.5987948 0.3425483 0.2601897 0.007623122 0.1292601 -0.02855016 0.03307999 0.2824112
-0.3441761 0.5981545 0.337855 0.2607644 0.004126848 0.1293308 -0.0311064 0.03413015 0.2799745
-0.3502771 0.5984788 0.3434653 0.2565867 0.005212162 0.1297794 -0.03046745 0.0334054 0.277826
-0.3523144 0.6006017 0.3419942 0.2547288 0.005159327 0.1308082 -0.03108898 0.03307401 0.2770871
-0.3421821 0.5963921 0.3444672 0.2587003 0.005219318 0.1278104 -0.03236048 0.03044579 0.2781491
-0.3433222 0.5994708 0.3461124 0.2583546 0.005913418 0.1304031 -0.02976708 0.03091363 0.2751798
-0.3478027 0.5998275 0.3335156 0.2573399 0.006244829 0.1289019 -0.03055189 0.03522381 0.2801888
-0.3490178 0.5955888 0.3390595 0.2563296 0.006851619 0.1320364 -0.02951153 0.03398997 0.2769943
-0.3498973 0.5966483 0.3423973 0.2572166 0.005306742 0.1326135 -0.0301325 0.03459503 0.2790216
-0.3455032 0.5979381 0.3430716 0.2598992 0.006108073 0.1297587 -0.03113956 0.03344789 0.2782477
-0.3495452 0.6017805 0.3405814 0.2574297 0.007463503 0.1284501 -0.03015429 0.032268 0.2786782
-0.3451827 0.5985828 0.3417062 0.2602066 0.005284479 0.1288976 -0.03455256 0.03102052 0.2777597
-0.3479796 0.5992045 0.3363838 0.2591355 0.004622976 0.1290704 -0.03085374 0.03246866 0.2804437
-0.3450425 0.5998901 0.3419877 0.2565176 0.004550783 0.1304689 -0.03354526 0.03242354 0.2785462
-0.3517531 0.6022153 0.3428105 0.2537804 0.005751316 0.1290821 -0.03062321 0.03233409 0.2747491
-0.3459227 0.5977272 0.340063 0.2593114 0.005778246 0.1306766 -0.03065657 0.03182651 0.277592
-0.3511399 0.5993461 0.3447633 0.2570229 0.005586998 0.1280797 -0.03024721 0.03273401 0.2762562
-0.3494889 0.597135 0.3446022 0.2562404 0.006713341 0.1314205 -0.02975819 0.0338318 0.2775241
-0.3497169 0.5979558 0.3396655 0.256275 0.007191685 0.131799 -0.03155315 0.03394239 0.2794239
-0.3515583 0.5987306 0.3460695 0.260168 0.00665768 0.1291534 -0.03091215 0.03239108 0.2738319
-0.3485244 0.6002898 0.3375653 0.2567781 0.005583835 0.1282568 -0.03197863 0.03270087 0.2805704
-0.3447217 0.5996539 0.3407412 0.2598684 0.006000253 0.1292223 -0.03086356 0.03352311 0.278696
-0.3478242 0.5987724 0.3422401 0.2574339 0.006185329 0.1298505 -0.03085357 0.03340824 0.2776864
-0.349273 0.599143 0.3437121 0.2556741 0.0060252 0.1285939 -0.02932744 0.03251615 0.2789327
-0.3461745 0.5983361 0.3407145 0.2574152 0.006910838 0.1296911 -0.03048163 0.03375586 0.2771862
-0.3460553 0.599604 0.3420571 0.2591591 0.006153911 0.1294362 -0.02864578 0.03442813 0.2797184
-0.3458259 0.5979147 0.3375563 0.2582783 0.006066855 0.1310675 -0.03247994 0.03400888 0.2784083
-0.3468279 0.5973868 0.343306 0.2584128 0.006119716 0.1307346 -0.03137726 0.03357314 0.2776018
-0.3483392 0.6009299 0.3418446 0.2573088 0.006151156 0.129173 -0.03225201 0.03229124 0.2765902
-0.3451181 0.59854 0.3404125 0.2580763 0.005717877 0.129877 -0.03156142 0.03341219 0.2785622
-0.3461164 0.5996085 0.3404929 0.2586 0.007299084 0.1286924 -0.03105239 0.033134 0.2787596
-0.3473016 0.6005507 0.3417205 0.2600292 0.00523936 0.1291391 -0.03169037 0.0326048 0.2771966
-0.3484093 0.5988761 0.3417498 0.2562398 0.005787613 0.1298359 -0.03081565 0.03360854 0.2779992
