-0.3324234 0.6064722 0.2839335 0.2794674 -0.04511311 0.04768008 0.002168671 0.03662968 0.1967154
-0.3413585 0.6358717 0.3701787 0.2332409 0.0106104 0.115809 0.03952002 -0.03516093 0.1947609
-0.2790227 0.6250039 0.3088398 0.2908301 0.05000111 0.09761236 0.005358106 0.005964551 0.2603094
-0.3449665 0.6253239 0.3636676 0.268698 0.0001779255 0.1033939 -0.0111496 0.01617544 0.2617076
-0.3597277 0.564032 0.3104342 0.2379488 -0.006989048 0.1495557 -0.03654671 0.007719994 0.2342328
-0.2969557 0.6130162 0.2926517 0.2656713 0.01571023 0.1153529 -0.01413651 0.0008585753 0.2559822
-0.35374 0.609659 0.3296462 0.2456745 0.01075541 0.1214466 -0.01171342 0.02350148 0.2690779
-0.3692672 0.5861896 0.3030627 0.2587164 0.01022133 0.1241178 -0.0149205 0.02075262 0.2739143
-0.3237325 0.6102358 0.3296556 0.2571556 0.005953897 0.1129688 -0.01571888 0.02484307 0.2663429
-0.3307748 0.610698 0.3272278 0.2519199 0.0103321 0.115037 -0.01196316 0.01142534 0.2698957
-0.3236269 0.5987449 0.3336168 0.2607813 0.008078936 0.1182937 -0.0152699 0.01289131 0.2653425
-0.3545956 0.5946509 0.3221231 0.2512624 0.01346351 0.1224157 -0.02166995 0.02127753 0.2684168
-0.3402633 0.6166241 0.3134775 0.2532923 0.01752626 0.1201861 -0.01333947 0.02204318 0.2790544
-0.3524619 0.6092646 0.3426523 0.249129 0.01550499 0.1196348 -0.005994147 0.02170472 0.273583
-0.3228933 0.5995076 0.3237827 0.2581934 0.01447822 0.1215973 -0.01894242 0.02076855 0.2719091
-0.3243265 0.5997129 0.3179246 0.2511153 0.01628345 0.1217707 -0.01693577 0.02206759 0.2645605
-0.3320263 0.6093708 0.3239119 0.2494955 0.01228243 0.1101439 -0.01697586 0.019955 0.2816534
-0.3400609 0.6120826 0.3234408 0.2466811 0.01752577 0.1162933 -0.01443372 0.01757821 0.2731052
-0.3373895 0.6024239 0.3240164 0.2546034 0.01824519 0.1257111 -0.01347924 0.01698248 0.2662146
-0.339453 0.6009071 0.3299473 0.2542193 0.01302077 0.1220601 -0.01479636 0.02232291 0.2641259
-0.3323532 0.6044958 0.3290382 0.2512736 0.01398462 0.1226088 -0.01241896 0.02482204 0.2641223
-0.3447174 0.6091601 0.3201952 0.2522783 0.01219348 0.1167788 -0.02036085 0.02186874 0.2610004
-0.3258531 0.6116921 0.3191836 0.2582129 0.01609024 0.1141959 -0.01650783 0.01802042 0.2657777
-0.334231 0.610144 0.3285894 0.2571283 0.01756412 0.116115 -0.01279372 0.02010444 0.2639626
-0.3372603 0.6061073 0.3314539 0.2631609 0.01517027 0.1173841 -0.01101859 0.0239686 0.2678406
-0.3250321 0.6041539 0.3378549 0.2589834 0.01899771 0.1188196 -0.01442965 0.02144767 0.2641164
-0.3437436 0.6034744 0.3395031 0.2471609 0.01751021 0.1245602 -0.01085656 0.02490653 0.2643805
-0.3335004 0.6081585 0.3192389 0.2571332 0.01654651 0.1153882 -0.01425644 0.01947788 0.2662595
-0.3246121 0.6008338 0.3043828 0.2578432 0.01372157 0.1214613 -0.01988204 0.0206279 0.278117
-0.3366716 0.6146268 0.3393492 0.2580549 0.01291825 0.1143123 -0.01664996 0.01815637 0.2690774
-0.3387005 0.6018634 0.3284375 0.2569885 0.01220398 0.1230242 -0.01662092 0.02027856 0.2657376
-0.336817 0.610552 0.3252853 0.2514652 0.01518751 0.1154086 -0.01121856 0.02285923 0.2662917
-0.3430172 0.5982086 0.3269717 0.2534146 0.01370939 0.11902 -0.01710664 0.02389727 0.2682972
-0.3357738 0.6046034 0.3278502 0.2548848 0.0159002 0.1228118 -0.01305044 0.02324044 0.2646462
-0.3291209 0.6105095 0.326913 0.2632051 0.0121573 0.1182077 -0.02125044 0.02595295 0.2669347
-0.3430184 0.6083816 0.3295395 0.2528702 0.01212858 0.117574 -0.01191805 0.01861313 0.2676754
-0.3420754 0.6021399 0.3257838 0.2533259 0.01685412 0.1196726 -0.01077766 0.02282375 0.2673215
-0.3432475 0.6085458 0.3256875 0.2522295 0.01667152 0.1187003 -0.01900375 0.02260314 0.2747346
-0.3332715 0.6095217 0.3335831 0.2630158 0.01394181 0.1164497 -0.01480209 0.02142231 0.2677892
-0.3225979 0.6154338 0.3242778 0.2632174 0.0174919 0.1141404 -0.004315011 0.01919281 0.2654781
-0.3307284 0.6071927 0.3196821 0.2572539 0.01453526 0.1190814 -0.0098139 0.02475412 0.2672666
-0.3400132 0.6054247 0.3140122 0.2578864 0.01494332 0.1204521 -0.01601745 0.01997232 0.2779228
-0.3389494 0.597398 0.3235063 0.2536077 0.01473707 0.1191172 -0.01826966 0.0212336 0.2711047
-0.3347396 0.6043087 0.3205333 0.2524241 0.01612934 0.1210381 -0.01294866 0.02240819 0.2654571
-0.3356478 0.6046384 0.3194306 0.2577974 0.01474898 0.11897 -0.01624832 0.02148541 0.2735501
-0.3327799 0.5992563 0.3148062 0.2553271 0.01608562 0.1225453 -0.01567602 0.02187465 0.2741044
-0.339857 0.6063891 0.3300884 0.2566402 0.01696528 0.1231358 -0.01919727 0.01872384 0.2682593
-0.3446695 0.6050466 0.3267502 0.2524524 0.01383637 0.1198086 -0.01007337 0.02622516 0.2677315
-0.3428845 0.6073561 0.3206684 0.2551092 0.01863653 0.120932 -0.01910984 0.01912332 0.2677869
-0.3367747 0.6052541 0.3334021 0.25388 0.01343537 0.1170512 -0.0157895 0.02330974 0.2640171
-0.3408035 0.6019837 0.3233378 0.2564168 0.01425203 0.1190953 -0.01608358 0.02148677 0.2701516
-0.3363084 0.6029607 0.32111 0.2494467 0.01501188 0.1204502 -0.01976591 0.02351731 0.2760341
-0.3398474 0.6000233 0.3292088 0.2534796 0.01528884 0.1252637 -0.01367873 0.02591171 0.2665628
-0.3406928 0.6066947 0.3316839 0.2528812 0.01232777 0.1174681 -0.01832727 0.02210593 0.2666373
-0.3390021 0.6093941 0.3203674 0.2578833 0.01531435 0.1181387 -0.01382954 0.02251581 0.2709398
-0.3347108 0.6033747 0.3302277 0.2560664 0.01493044 0.119424 -0.01488638 0.02158218 0.2687432
-0.3435022 0.6047374 0.3231908 0.2505993 0.01770376 0.1201844 -0.01447959 0.02177773 0.268461
-0.3370261 0.6069263 0.3242792 0.25703 0.01579589 0.1151304 -0.0141332 0.02016584 0.2701986
-0.3348727 0.6066978 0.3314212 0.2554103 0.01438475 0.1174285 -0.01123638 0.02071683 0.266941
-0.3428812 0.5998949 0.3291928 0.2511241 0.01345771 0.1196711 -0.01307335 0.02287659 0.265822
-0.3396794 0.6026545 0.323373 0.2528452 0.01559071 0.1204985 -0.0145755 0.02076571 0.2699158
-0.3408864 0.6037493 0.3260858 0.2476724 0.01389856 0.120638 -0.0143662 0.02232468 0.2687404
-0.3368962 0.6030344 0.3251603 0.2563562 0.01464781 0.1203312 -0.0147041 0.02099419 0.2702211
-0.3269692 0.6061201 0.3303978 0.2615879 0.01602544 0.1193933 -0.01700054 0.02167561 0.2666185
-0.3291915 0.6070495 0.3288537 0.2587024 0.01691487 0.1170559 -0.01301922 0.01798557 0.2679556
-0.3389247 0.6024547 0.3212266 0.2538159 0.01492584 0.119321 -0.01412519 0.02167733 0.2723435
-0.3452689 0.6048366 0.3224001 0.2532075 0.01273689 0.1207575 -0.01409891 0.02309893 0.2677308
-0.340383 0.6024547 0.3175893 0.2508683 0.01391535 0.1200694 -0.01325316 0.02290817 0.2707431
-0.3385875 0.603959 0.3229943 0.2542707 0.01452377 0.1200175 -0.01474201 0.02104585 0.2679777
-0.3381342 0.6049787 0.3252389 0.2544463 0.01474065 0.1185235 -0.01413834 0.02106885 0.2704921
-0.3406754 0.6034839 0.3229758 0.2502813 0.01484905 0.1200219 -0.01497142 0.01972803 0.2700513
-0.3384056 0.6033465 0.3271471 0.2529618 0.01108116 0.1199045 -0.02030756 0.02052409 0.2649453
-0.3373979 0.6041606 0.3297799 0.2557804 0.01542963 0.1179638 -0.01405357 0.02031527 0.2657213
-0.3341731 0.6029418 0.3240591 0.2528016 0.01650956 0.1191002 -0.01257583 0.02145174 0.2699133
-0.335595 0.6051469 0.3201205 0.2540486 0.01660054 0.1177494 -0.01186237 0.02039444 0.2731871
-0.3336532 0.6037957 0.3267854 0.2555968 0.01331861 0.118079 -0.01520083 0.01986881 0.2702218
-0.3375107 0.6081096 0.3298838 0.2533123 0.01583895 0.1161798 -0.01466323 0.02140955 0.2701145
-0.3316756 0.6024392 0.3233767 0.2558606 0.01473153 0.1219973 -0.01356731 0.02301247 0.2691193
-0.3405604 0.6046314 0.3264369 0.2536208 0.01400052 0.1191921 -0.01193648 0.01971357 0.2663
-0.33638 0.6056547 0.3284268 0.254406 0.01461003 0.1198237 -0.01594375 0.01925029 0.2683819
-0.3341093 0.6031009 0.3215258 0.2561452 0.01553041 0.1197485 -0.01319633 0.02328421 0.2673304
-0.3372255 0.5982121 0.323872 0.254344 0.01646054 0.1227608 -0.01392496 0.02372979 0.2714996
-0.3361683 0.6028837 0.3300876 0.2560237 0.0146317 0.1199908 -0.01335497 0.02201206 0.2666229
-0.3363054 0.6031083 0.3255347 0.2561949 0.01434719 0.1198204 -0.01283041 0.02074925 0.2690629
-0.3365399 0.606524 0.3260528 0.2534376 0.01570237 0.1188098 -0.01377538 0.02095547 0.270238
-0.3432786 0.6060249 0.3233211 0.2529645 0.01439996 0.1178267 -0.01260577 0.02248123 0.2686331
-0.3368071 0.6056702 0.3233794 0.2546114 0.01430133 0.1195677 -0.0125881 0.02229732 0.2701818
-0.3370935 0.605278 0.3202431 0.254723 0.01588716 0.1182522 -0.01382447 0.02263286 0.2694934
-0.3363238 0.6053397 0.3224979 0.2542882 0.01588322 0.1174249 -0.01472377 0.02053556 0.2704953
-0.334072 0.6040547 0.3216317 0.2542546 0.01354632 0.1188849 -0.01627357 0.02033241 0.2718439
-0.3299362 0.6068225 0.3256304 0.2564943 0.01502941 0.1192025 -0.01469315 0.0223721 0.2666547
-0.3348127 0.6043017 0.3267357 0.2557202 0.01608988 0.1189305 -0.01237724 0.02142037 0.2704532
-0.3390067 0.6042507 0.3238731 0.254145 0.01540763 0.1187892 -0.01464063 0.02137622 0.2696632
-0.341181 0.6026026 0.3277704 0.253395 0.01434646 0.119708 -0.01510801 0.02203175 0.26775
-0.3350253 0.6027037 0.3229705 0.2566494 0.0150611 0.1196465 -0.01678614 0.02139277 0.2674576
-0.3345565 0.6038841 0.322517 0.2561211 0.01432664 0.1200205 -0.01273191 0.02234001 0.2703547
-0.3370081 0.6022138 0.3187426 0.2530479 0.01376804 0.1205575 -0.01613169 0.02172236 0.2716602
-0.3317565 0.6040436 0.3233561 0.2575828 0.01522492 0.1187022 -0.01407656 0.02212274 0.2691229
-0.3386804 0.603604 0.3267778 0.2548144 0.0151337 0.1193896 -0.01445021 0.02024865 0.2675862
-0.3383717 0.6095791 0.3193939 0.2542973 0.01389388 0.1157343 -0.01563868 0.02029295 0.2729837
-0.3371539 0.6008336 0.31909 0.2536891 0.01445863 0.1204104 -0.01637729 0.02136786 0.2727676
-0.3365449 0.6028082 0.3229001 0.2538383 0.01527858 0.1200517 -0.01480182 0.02166925 0.2695644
-0.3362405 0.6037397 0.3258933 0.2561995 0.01607405 0.1190077 -0.01491416 0.02031427 0.2677499
-0.3326781 0.6042662 0.3301035 0.2549205 0.01579727 0.1195945 -0.01381629 0.0205737 0.2660594
-0.3337747 0.6058563 0.3226133 0.2542215 0.01488958 0.1176503 -0.01474565 0.02106165 0.2699565
-0.3371716 0.6027636 0.3234415 0.254416 0.01512154 0.1198964 -0.0146715 0.02144482 0.2689609
-0.3391579 0.6031919 0.3242349 0.2546645 0.01492361 0.1186725 -0.01425133 0.02088834 0.2686655
-0.3377365 0.6046308 0.3280099 0.2543651 0.01598847 0.1198897 -0.0159302 0.02162544 0.2671398
-0.3332234 0.6033876 0.3239735 0.2547551 0.01538541 0.1176563 -0.01569118 0.02200345 0.2693734
-0.3374795 0.6064564 0.3274909 0.2534964 0.01423187 0.1160412 -0.01461869 0.02076445 0.2671288
-0.336125 0.6067997 0.3248052 0.2548754 0.01385314 0.1174505 -0.01493903 0.02098339 0.2685543
-0.3344271 0.6057522 0.3229888 0.255206 0.01440008 0.1183168 -0.01571603 0.02083593 0.2684296
