-0.5318236 0.5680578 0.3625889 0.0753356 -0.005985441 0.1302592 -0.0165251 0.1280069 0.1926564
-0.3182008 0.6455874 0.4141642 0.3234923 0.008452421 0.07332311 -0.01859321 -0.007345751 0.2291152
-0.3894682 0.6566851 0.4216834 0.2356818 0.02297581 0.0827035 -0.01150952 0.01045063 0.2480132
-0.4254153 0.6679958 0.4093487 0.2300369 -0.004433875 0.08895206 -0.04032814 0.03271896 0.2268384
-0.4437232 0.6492692 0.4027953 0.2134802 0.02951779 0.09220309 -0.002926349 0.0236376 0.2196184
-0.4163326 0.6702006 0.3971512 0.2270297 0.001190789 0.09256262 -0.001142358 0.02257927 0.2415841
-0.3956507 0.6902936 0.4499758 0.2089467 0.004466546 0.07874492 -0.002144326 0.01980322 0.2165894
-0.3887938 0.6743905 0.4406818 0.2347119 0.008165669 0.07845575 -0.02412155 0.01231906 0.2098913
-0.4102468 0.6733383 0.4206187 0.2162961 0.01977676 0.08092984 -0.018195 0.01451188 0.2264027
-0.380143 0.6751606 0.4129271 0.2341702 0.008258605 0.08420506 -0.01389387 0.01252255 0.2344499
-0.4098792 0.6700379 0.4237109 0.2168001 0.01462417 0.0876699 -0.01460695 0.01457629 0.2203706
-0.4030822 0.6762697 0.4061989 0.2317092 0.0143565 0.08493106 -0.01082612 0.02035064 0.2373799
-0.3988043 0.6725662 0.4218842 0.2195056 0.0100437 0.08677109 -0.02081854 0.01721245 0.2295465
-0.4056132 0.6617849 0.426836 0.2184305 0.01495385 0.09606509 -0.01863631 0.02190238 0.2292251
-0.3955044 0.6733808 0.4263112 0.2227932 0.01073085 0.08820437 -0.01530886 0.0164721 0.2287936
-0.4056516 0.6718944 0.4250436 0.2247544 0.0172499 0.0885632 -0.014225 0.02454976 0.233978
-0.3896466 0.674337 0.4273617 0.2256628 0.00966043 0.08524053 -0.01191205 0.01755415 0.217769
-0.3971359 0.6717229 0.4310572 0.2267898 0.01455868 0.0872981 -0.01125899 0.0159425 0.2141733
-0.4095354 0.6712463 0.4307441 0.2277859 0.01411856 0.08871986 -0.006873443 0.01745356 0.2246935
-0.4003674 0.6695788 0.4109306 0.2276129 0.01369509 0.09102038 -0.01073628 0.01648988 0.2276836
-0.3982509 0.6694096 0.4061141 0.2229522 0.01038165 0.08783816 -0.018217 0.01752015 0.2316085
-0.4030396 0.6718835 0.4160245 0.2304589 0.01691885 0.08970987 -0.01562225 0.02214013 0.2299071
-0.3917865 0.6752749 0.4099042 0.2277347 0.01702372 0.08572361 -0.009441502 0.02252165 0.2279542
-0.4084058 0.6686795 0.4300384 0.2237157 0.0102 0.08864849 -0.008316825 0.01946123 0.2274224
-0.4011347 0.6644776 0.4238903 0.2260693 0.008741925 0.09140261 -0.01918937 0.02079322 0.2279588
-0.4053677 0.6778893 0.4234275 0.2259864 0.008599335 0.08489521 -0.01080213 0.02000769 0.2261951
-0.3993724 0.6723804 0.4232015 0.2260846 0.01242818 0.08505732 -0.01211142 0.02033418 0.2259182
-0.4095253 0.6712155 0.4250449 0.2240517 0.01261223 0.08921611 -0.01690383 0.02340599 0.2273075
-0.4103684 0.6719202 0.4230158 0.217505 0.01264475 0.08681066 -0.01156184 0.01790857 0.2273476
-0.4176658 0.6699667 0.4176088 0.2162301 0.009948636 0.08981107 -0.01785393 0.01946619 0.2274268
-0.414521 0.6708978 0.4214235 0.2166201 0.01048826 0.09110519 -0.01645194 0.02166219 0.2211805
-0.4088991 0.6697879 0.4261984 0.2277279 0.01368259 0.08576863 -0.01334799 0.01678125 0.2247596
-0.4070624 0.6697223 0.4231309 0.2192435 0.0108564 0.08763236 -0.005456568 0.0210015 0.229309
-0.4125187 0.6655425 0.4262373 0.2179887 0.01472566 0.09128176 -0.01600372 0.01839623 0.2210949
-0.3978546 0.6670219 0.4183351 0.2253813 0.01609404 0.08610577 -0.01470548 0.01824772 0.2273361
-0.3983967 0.6686022 0.4242475 0.2244565 0.01063316 0.08699688 -0.01488712 0.01874957 0.2272002
-0.3974744 0.6697633 0.4169737 0.2226588 0.01293002 0.08793325 -0.01414693 0.01811384 0.2270727
-0.413963 0.6654684 0.4208191 0.2178238 0.01391347 0.09222235 -0.01376555 0.0205946 0.2296483
-0.4112512 0.6736958 0.4210308 0.2245005 0.01231723 0.0862184 -0.01380347 0.02004164 0.2273054
-0.4030486 0.6704812 0.4258755 0.2246201 0.01255225 0.08603304 -0.01362913 0.02105056 0.2302669
-0.3946927 0.6606593 0.4261309 0.2237335 0.01118506 0.0946049 -0.01545249 0.02089777 0.2278864
-0.4122095 0.6663395 0.4176448 0.2150924 0.009410494 0.09107526 -0.0133246 0.02039158 0.226292
-0.4115084 0.6647764 0.4188259 0.2201459 0.01403433 0.09254807 -0.01089678 0.02124703 0.2293983
-0.4117863 0.6657704 0.4102964 0.2204088 0.01519409 0.09108792 -0.01158864 0.01656299 0.228638
-0.405678 0.6663425 0.419063 0.2218543 0.01561036 0.08927953 -0.01710921 0.01883018 0.2244419
-0.4062168 0.6644773 0.4093375 0.2161386 0.008447388 0.08992239 -0.01711368 0.02178649 0.2351395
-0.408934 0.667159 0.4182302 0.2197957 0.01463867 0.0876797 -0.01340925 0.017934 0.2263209
-0.4038677 0.6633375 0.4237525 0.2214779 0.01039317 0.09288373 -0.01647035 0.01947611 0.2294256
-0.4023648 0.6724806 0.4253782 0.2219991 0.01253813 0.08576716 -0.01372453 0.01862177 0.2220551
-0.3932796 0.6681904 0.4186571 0.2248904 0.01157404 0.08729309 -0.0136825 0.02039215 0.2277882
-0.4052919 0.6649534 0.4183941 0.2208109 0.01114762 0.0911806 -0.01432215 0.01962273 0.2253439
-0.4031419 0.6712098 0.428452 0.2177836 0.01170275 0.08713137 -0.01756756 0.01695532 0.2185374
-0.4051141 0.6698199 0.4206344 0.2219346 0.01310557 0.08764883 -0.01454501 0.01831936 0.2269665
-0.4002039 0.6697344 0.4238608 0.2180067 0.01331844 0.08650487 -0.01439698 0.01656117 0.2280851
-0.4014938 0.6650487 0.4207726 0.2221128 0.01056353 0.09084542 -0.0118048 0.01899578 0.2281006
-0.4113291 0.6700604 0.4212976 0.2221051 0.01304688 0.08807809 -0.01250768 0.01892308 0.2213276
-0.4119472 0.6698851 0.4126412 0.2227367 0.01008199 0.08957145 -0.01449481 0.02003311 0.2309724
-0.4046489 0.6730796 0.4277319 0.2189676 0.01144571 0.08628654 -0.01302692 0.01810873 0.2219653
-0.4102281 0.6652632 0.413459 0.2186796 0.01033324 0.09036299 -0.01362839 0.02054313 0.2317987
-0.4083736 0.6683287 0.4184985 0.2173463 0.01247826 0.08980427 -0.01552627 0.0178507 0.2218981
-0.4029402 0.6717127 0.4234397 0.2232436 0.01111013 0.0868345 -0.01660715 0.02025804 0.224547
-0.4078543 0.6716745 0.423909 0.2227139 0.01116063 0.08727574 -0.01622782 0.02039608 0.2268724
-0.4022295 0.6738955 0.419091 0.2238118 0.0122818 0.08618274 -0.01196162 0.02000001 0.2272595
-0.4105817 0.6660227 0.4231406 0.2199905 0.01056275 0.08873785 -0.01713762 0.01957851 0.2269025
-0.4085241 0.6673145 0.4224544 0.2190589 0.01142908 0.08890426 -0.01483796 0.01946813 0.2261487
-0.4108615 0.6710454 0.4129142 0.2185895 0.01227452 0.09007275 -0.01372972 0.0187683 0.2321004
-0.3974827 0.6671638 0.4199373 0.2225278 0.01272021 0.08985618 -0.01384353 0.02175269 0.2285458
-0.4067486 0.6695188 0.4201744 0.2205822 0.01229725 0.08933082 -0.01288814 0.01981665 0.2288829
-0.4050016 0.6667692 0.4219163 0.2208233 0.01114386 0.08940632 -0.01428083 0.01899483 0.2235645
-0.4046806 0.6688056 0.4171455 0.2199965 0.01288867 0.08826402 -0.01271017 0.01976367 0.2278968
-0.4114043 0.6709154 0.420363 0.2207062 0.01203484 0.08717527 -0.01129203 0.01971778 0.2285682
-0.4066365 0.6682138 0.4178426 0.2212483 0.01196361 0.08833174 -0.01302543 0.01869015 0.2276926
-0.4047479 0.6692524 0.4256747 0.2225885 0.01141782 0.08926039 -0.011569 0.01918739 0.2254417
-0.4029925 0.6711244 0.4233689 0.2210124 0.01162586 0.08830021 -0.01326453 0.01909876 0.2254293
-0.4023463 0.6651767 0.4217594 0.2252419 0.01135554 0.08968513 -0.01351674 0.01937471 0.2246725
-0.4061716 0.6709027 0.4210623 0.2234264 0.01188553 0.0881668 -0.01322168 0.01882229 0.2266905
-0.4028662 0.6711921 0.4253775 0.2232986 0.0125189 0.08632227 -0.0148898 0.01869948 0.2257642
-0.4075614 0.6701597 0.4274909 0.2225653 0.01134462 0.08801223 -0.01211229 0.01895779 0.224172
-0.4085753 0.6662364 0.4165985 0.219035 0.01317484 0.08893623 -0.01381963 0.01863392 0.2281362
-0.4044744 0.6708853 0.4182688 0.2255048 0.01033283 0.08667997 -0.01430395 0.01888121 0.2278292
-0.4057798 0.6720734 0.4149087 0.2208332 0.01231289 0.08742432 -0.01670545 0.0202272 0.2289917
-0.400472 0.6666301 0.4133688 0.2222925 0.01253759 0.08917271 -0.01106594 0.02090063 0.2282529
-0.4054663 0.6692589 0.4211024 0.2211428 0.01160548 0.08745466 -0.01600283 0.01909684 0.2262913
-0.4042924 0.6699379 0.4203904 0.2196442 0.0111998 0.08737826 -0.01445068 0.01940096 0.2262132
-0.4050632 0.6671991 0.424111 0.2237561 0.01082942 0.08895535 -0.01636307 0.018488 0.2257605
-0.398637 0.6702484 0.4210112 0.2266114 0.0117243 0.08769677 -0.01597913 0.01850821 0.2266469
-0.4092236 0.6695164 0.4233591 0.2223006 0.01188217 0.08816364 -0.01539732 0.01904321 0.2254733
-0.4031449 0.6726786 0.418734 0.2206497 0.01059394 0.08645472 -0.01413316 0.0176051 0.2273987
-0.4055657 0.6702453 0.4276412 0.2228256 0.01246432 0.08687198 -0.01534378 0.01817124 0.2224417
-0.4090364 0.6681684 0.4220214 0.2202623 0.01133102 0.08864661 -0.01645309 0.02017435 0.225607
-0.4038032 0.6715134 0.4205494 0.223121 0.01226614 0.08776215 -0.01281064 0.01967405 0.2255274
-0.400771 0.6676037 0.4157131 0.2252687 0.01216564 0.08985729 -0.01494722 0.02020258 0.2307163
-0.4014301 0.6687994 0.4214301 0.2251791 0.01224835 0.08782654 -0.01363216 0.0191088 0.2271177
-0.400573 0.6712759 0.4242339 0.2227937 0.01240377 0.08906718 -0.0143536 0.01912081 0.2231224
-0.4062495 0.67105 0.4207425 0.2210667 0.01152561 0.0867135 -0.01598312 0.01753365 0.2259872
-0.4026217 0.6677015 0.4175089 0.2233334 0.01063881 0.09125472 -0.01475892 0.0212993 0.2285243
-0.4048674 0.6674043 0.419578 0.2230648 0.01114217 0.09107557 -0.01471374 0.01887869 0.2247825
-0.4052022 0.6701387 0.4201051 0.2232427 0.01085715 0.08662724 -0.01449044 0.01920103 0.2272343
-0.4042556 0.6686256 0.4208287 0.2194792 0.0112521 0.0886834 -0.01525303 0.0191989 0.2249946
-0.4046737 0.6684363 0.4161747 0.2218947 0.0115968 0.0889549 -0.01464035 0.0204243 0.2302035
-0.4044118 0.6700312 0.4212698 0.2224503 0.01055062 0.08756354 -0.01631549 0.01989761 0.2262759
-0.401947 0.6679733 0.4199164 0.2228642 0.01234975 0.08800946 -0.01477671 0.01936876 0.2267246
-0.4034226 0.6671167 0.4180428 0.2220236 0.01242922 0.08905472 -0.01368582 0.0181161 0.2283531
-0.4038764 0.6680801 0.4181165 0.2232301 0.01236056 0.08933414 -0.01423878 0.01977143 0.2303652
-0.403271 0.6699529 0.4195277 0.2207323 0.01243133 0.08926896 -0.01479232 0.01950368 0.227149
-0.4077674 0.6695844 0.4221046 0.2210287 0.01185843 0.08799179 -0.01358237 0.0196782 0.2274331
-0.4033676 0.6678359 0.4189697 0.2215598 0.01224349 0.08965135 -0.01434375 0.02031946 0.2283817
-0.4091604 0.6683536 0.4207037 0.2197273 0.01102933 0.08896956 -0.01331186 0.01968094 0.2269744
-0.4031246 0.670428 0.4194724 0.2223566 0.01235858 0.08738348 -0.01303862 0.01919946 0.2280462
-0.4047994 0.6701494 0.4196667 0.2228531 0.01187351 0.08840739 -0.01449524 0.01941325 0.2280632
-0.406335 0.669596 0.4217622 0.2221432 0.01180757 0.08835877 -0.01265849 0.01936123 0.226297
-0.40435 0.6703819 0.4170998 0.2213964 0.01231596 0.08875004 -0.01344333 0.02004485 0.2273384
