-0.2158295 0.6763139 0.2830781 0.3187506 0.01579579 0.03571304 -0.1448043 0.03166056 0.3386257
-0.3595292 0.7263898 0.3846062 0.2664623 0.01450612 0.06380073 -0.08676214 0.00526308 0.2466701
-0.4024301 0.6010444 0.3564193 0.2179433 -0.02865879 0.132353 -0.08221001 0.03655059 0.3278529
-0.4002403 0.6336772 0.3873801 0.2494428 0.009682047 0.1042988 -0.005117123 0.006937723 0.2023955
-0.3697284 0.6285581 0.4280607 0.2060149 0.006198426 0.1216778 -0.01423784 0.04119251 0.2305159
-0.3777106 0.6180341 0.3569903 0.2335315 0.004863471 0.1115769 -0.01985424 0.02574659 0.2377928
-0.3673628 0.6243483 0.3696643 0.2455292 0.003576371 0.1176924 -0.02373396 0.02010043 0.2563902
-0.3748032 0.6371976 0.3881883 0.2361409 0.004016955 0.1099402 -0.01613195 0.02883739 0.2401907
-0.3787343 0.6419906 0.3655804 0.235539 0.01028543 0.1087921 -0.03025601 0.02199296 0.2526881
-0.3541983 0.6241342 0.3759289 0.2594855 0.008956584 0.1146496 -0.02483819 0.01940387 0.2519822
-0.3669963 0.6354793 0.3765341 0.2360988 0.002083626 0.1138557 -0.01876864 0.03326954 0.2630268
-0.3807595 0.6354895 0.3702633 0.2373405 0.01311524 0.1075559 -0.02119666 0.01911921 0.2528986
-0.3799048 0.6351218 0.3802945 0.2294273 0.008295663 0.1105493 -0.02115242 0.02627409 0.2575481
-0.3624024 0.639253 0.3642258 0.2452191 0.01177694 0.1073394 -0.01382113 0.02523213 0.2626207
-0.3708565 0.6379242 0.3610879 0.2334083 0.005938142 0.1100471 -0.01526965 0.02388333 0.2471607
-0.3628544 0.6237804 0.3882745 0.2464121 0.005551823 0.1094855 -0.02419753 0.02916755 0.255866
-0.3652822 0.6406139 0.3673757 0.2443418 0.004480057 0.1111515 -0.02448873 0.03421511 0.2596917
-0.3646771 0.6369198 0.3676381 0.2484127 0.005331902 0.1097781 -0.01843374 0.02925348 0.2558244
-0.3796296 0.6298597 0.3796346 0.2396714 0.00683119 0.1085512 -0.02258065 0.02239852 0.2568971
-0.3823848 0.6295399 0.3741973 0.240374 0.008975562 0.1101777 -0.0295919 0.0259093 0.2603434
-0.3794083 0.624245 0.3561566 0.2391706 0.007927647 0.116219 -0.02067933 0.03008893 0.2619589
-0.3680885 0.6396437 0.3735517 0.2467084 0.01155812 0.1074612 -0.02672561 0.02426668 0.2620219
-0.3797545 0.6244328 0.3777397 0.2432151 0.0111948 0.1173126 -0.02470352 0.0271118 0.23718
-0.3844131 0.6387989 0.3764398 0.2344293 0.009677196 0.1095045 -0.01692031 0.02750121 0.2550421
-0.3822123 0.6414574 0.3848267 0.2413173 0.01031185 0.1061208 -0.01646986 0.02281245 0.2508812
-0.3887103 0.6332225 0.3848331 0.2336637 0.009381246 0.1091938 -0.01716822 0.02363625 0.2499371
-0.3657347 0.6335893 0.3612943 0.2386437 0.008638281 0.1119115 -0.01948956 0.02895858 0.253131
-0.3823715 0.6321739 0.3765501 0.2360378 0.009562038 0.1089687 -0.02396377 0.0239827 0.2547588
-0.380451 0.6337967 0.3861204 0.2421586 0.007594267 0.1123889 -0.01782464 0.026129 0.244883
-0.3823331 0.6311541 0.3718409 0.2286346 0.01051106 0.1090698 -0.01565143 0.02520203 0.2574379
-0.3715098 0.6349466 0.3781347 0.2370143 0.01155656 0.1143453 -0.01175851 0.02492526 0.2487049
-0.3843432 0.6317321 0.3879972 0.2324893 0.008725302 0.1129127 -0.02325032 0.02493185 0.2474892
-0.3595243 0.6383689 0.3774466 0.2511387 0.007796007 0.1092019 -0.01834365 0.0242289 0.2456207
-0.3759382 0.6374763 0.3783569 0.2389306 0.007576013 0.1089453 -0.0211119 0.02530202 0.2510267
-0.3717738 0.6270268 0.3709986 0.2432127 0.007712637 0.114972 -0.02009368 0.0258644 0.2541095
-0.3721759 0.6324523 0.3773849 0.2445032 0.008195281 0.1136397 -0.01950124 0.02461482 0.2555039
-0.368349 0.6334208 0.3786048 0.2452556 0.01045544 0.1097804 -0.02511906 0.02733993 0.2522568
-0.3673076 0.6395079 0.3594234 0.2441218 0.008406895 0.1081082 -0.02217933 0.0267324 0.2563008
-0.3713504 0.6359434 0.3781286 0.2418621 0.0102282 0.1082544 -0.02217979 0.02486191 0.2537662
-0.3708974 0.6369323 0.3759827 0.2444919 0.006959804 0.1070327 -0.02129072 0.02502323 0.2522315
-0.3705469 0.6417004 0.3765389 0.2445163 0.006986803 0.1038532 -0.02302241 0.02730584 0.2497517
-0.3710573 0.6293702 0.3714335 0.2452479 0.008548082 0.1124438 -0.01750371 0.02607707 0.2528419
-0.3680413 0.6366363 0.3695964 0.2434875 0.008278386 0.1057094 -0.01932356 0.03136087 0.2615711
-0.3755329 0.6262928 0.371144 0.2393705 0.01170929 0.1161456 -0.01986371 0.03123364 0.257824
-0.3800173 0.6335264 0.3813216 0.2422193 0.009617106 0.1134465 -0.02271261 0.02515454 0.2504688
-0.3730742 0.632798 0.3788692 0.2365936 0.009079887 0.1108319 -0.01611988 0.02285354 0.2474958
-0.3747601 0.6381522 0.3762258 0.2408624 0.006689608 0.1092414 -0.01986714 0.0248037 0.2511974
-0.365107 0.6321202 0.3766277 0.2455218 0.008020875 0.1120898 -0.01899243 0.02474207 0.2519168
-0.3746359 0.6298977 0.3785343 0.239598 0.006072249 0.1138456 -0.01907211 0.02456122 0.2555936
-0.3676514 0.631108 0.3694586 0.2372559 0.006909415 0.1118892 -0.02337317 0.02632616 0.251654
-0.3753775 0.6358567 0.3798011 0.2405787 0.006179497 0.1076976 -0.02495914 0.02216084 0.2537003
-0.3721616 0.6397377 0.3829683 0.2402707 0.007107867 0.1081743 -0.02019156 0.02776963 0.2502915
-0.3669046 0.635742 0.3783179 0.2461321 0.0106682 0.1089631 -0.01833907 0.02424117 0.2528193
-0.3700508 0.6322986 0.3777146 0.240188 0.008094438 0.1130698 -0.02336297 0.02674177 0.2501291
-0.3794988 0.6311833 0.3699926 0.238431 0.008700016 0.1128151 -0.01742694 0.02895349 0.2522762
-0.3760041 0.6321453 0.3685152 0.2392133 0.009239695 0.111949 -0.01898505 0.02397085 0.2540503
-0.3861379 0.628734 0.3695614 0.2360144 0.008735076 0.109674 -0.02468307 0.02409304 0.2546421
-0.376642 0.6324883 0.3787382 0.24047 0.01087029 0.1102457 -0.01809202 0.02339668 0.2478313
-0.3695301 0.6330758 0.3739316 0.2411883 0.01109084 0.1107023 -0.02192346 0.02606505 0.252571
-0.374032 0.6285785 0.3731021 0.2357103 0.008671873 0.1129012 -0.02049282 0.02591768 0.2542561
-0.3717127 0.635579 0.373427 0.2415182 0.01034514 0.1089348 -0.01774686 0.02657718 0.2532383
-0.3674879 0.6348195 0.3758338 0.2406749 0.006504306 0.1099387 -0.02214435 0.02873675 0.2494368
-0.375108 0.6306861 0.3806781 0.2389269 0.01008579 0.1125984 -0.01977134 0.02557497 0.2490679
-0.3738517 0.631417 0.3760113 0.2397418 0.009810815 0.113229 -0.0167431 0.02548069 0.2539251
-0.3682589 0.6351376 0.3700595 0.241849 0.008075397 0.110131 -0.01977421 0.02440232 0.2541347
-0.3707254 0.6315149 0.383308 0.2409189 0.007233308 0.1129269 -0.02366406 0.02325001 0.250212
-0.3784484 0.6303797 0.3713091 0.2363744 0.009993872 0.1134257 -0.01750682 0.02504654 0.2566804
-0.3755446 0.6329618 0.3736527 0.2344745 0.008109385 0.1118649 -0.01938849 0.02466992 0.255234
-0.3710269 0.6361494 0.3712328 0.2397139 0.007897927 0.1101699 -0.01965679 0.02966427 0.2574774
-0.3784593 0.6294311 0.3737006 0.2415879 0.008071452 0.1122026 -0.01885925 0.02479803 0.2531209
-0.371815 0.6345029 0.3738911 0.2411251 0.008004926 0.1076538 -0.0210445 0.02556839 0.2534366
-0.3700988 0.6359591 0.3702465 0.2420372 0.007239763 0.1104461 -0.02194633 0.02443306 0.2540847
-0.374447 0.6313558 0.365014 0.2411038 0.00757931 0.1106158 -0.01727766 0.02706403 0.2561215
-0.3761854 0.63296 0.3831343 0.2375395 0.008184407 0.1117137 -0.01847282 0.02796389 0.2502087
-0.3731537 0.6348597 0.3789905 0.2385364 0.00979194 0.1088393 -0.01875522 0.0256425 0.2481437
-0.3730488 0.6340247 0.37662 0.242965 0.009164332 0.1107714 -0.01876118 0.02588847 0.2512652
-0.3753447 0.6351415 0.3735532 0.2401874 0.008594803 0.1085553 -0.01830569 0.02412905 0.2540489
-0.3697053 0.6324751 0.3704062 0.2443872 0.008876428 0.1124201 -0.02099994 0.02541415 0.2540866
-0.3709257 0.6331228 0.3743421 0.2426841 0.009201383 0.1110386 -0.01888471 0.02533344 0.2519617
-0.3689228 0.6355212 0.374088 0.2404607 0.008836351 0.1086299 -0.01769422 0.02591874 0.254497
-0.3740759 0.6327259 0.3787862 0.2407254 0.008211661 0.1103038 -0.0224772 0.02621323 0.2528432
-0.3750016 0.6321594 0.376474 0.2416515 0.009252292 0.1092437 -0.01996628 0.02405783 0.2511787
-0.3698091 0.6344231 0.3810594 0.2452659 0.008404703 0.110148 -0.02175247 0.02522593 0.2504123
-0.373552 0.6325593 0.3732626 0.2417237 0.008167012 0.1133804 -0.02361293 0.02454534 0.2536913
-0.3732629 0.635783 0.3787303 0.240952 0.007520439 0.1093799 -0.02149367 0.02401439 0.2526365
-0.3701596 0.6330398 0.3804143 0.2411663 0.007596299 0.1113974 -0.01772386 0.02765987 0.2494969
-0.3693679 0.6327479 0.3746624 0.2425656 0.006857324 0.1095054 -0.01980211 0.0264756 0.2541061
-0.3680557 0.6328775 0.37368 0.2404848 0.007851068 0.1078335 -0.02018291 0.02542917 0.2540469
-0.3762594 0.6349292 0.3759502 0.2397378 0.008216465 0.1108447 -0.01714711 0.02622339 0.251181
-0.3706644 0.6346859 0.3755774 0.2419784 0.008635655 0.1106576 -0.02110375 0.02674299 0.2529427
-0.3758158 0.6358355 0.3779883 0.2403995 0.008433256 0.1096612 -0.02027216 0.02541367 0.2510201
-0.3712706 0.6329255 0.3721803 0.2450576 0.00751558 0.1100814 -0.02167903 0.02604487 0.256062
-0.3672543 0.6349758 0.377176 0.2427026 0.007757656 0.1088534 -0.01962674 0.02551602 0.2518818
-0.3711032 0.6332245 0.371766 0.2402726 0.007633422 0.1106386 -0.01945908 0.02611544 0.2541587
-0.3694537 0.6376541 0.3798069 0.2451872 0.00760179 0.1071065 -0.02042693 0.02613436 0.2523672
-0.3716332 0.6326457 0.3746966 0.2404666 0.008422478 0.112043 -0.0195178 0.02570206 0.2532243
-0.3724414 0.6337144 0.3721483 0.2414297 0.009927032 0.110513 -0.02007162 0.02495641 0.2529442
-0.3724949 0.6339594 0.3740958 0.2413619 0.00809257 0.1120975 -0.02000723 0.02431585 0.25253
-0.3721791 0.6326894 0.3780885 0.2408595 0.009152431 0.111363 -0.01931359 0.02613474 0.2536845
-0.3743399 0.6327435 0.3739655 0.2406402 0.008163812 0.1103514 -0.02000716 0.02555351 0.2526918
-0.3732959 0.6324046 0.3746894 0.2418376 0.008828241 0.1115409 -0.02026676 0.02609968 0.2517175
-0.3744667 0.6331096 0.3748187 0.2385325 0.008676043 0.1106606 -0.01927478 0.02350805 0.2532206
-0.3701619 0.6332899 0.3761634 0.2396439 0.008360101 0.1111276 -0.02103108 0.02527525 0.2508074
-0.3706678 0.6325822 0.372615 0.2393382 0.008665294 0.1107701 -0.01971088 0.02735842 0.2564934
-0.3743648 0.6336783 0.3742247 0.2387846 0.008490744 0.1098418 -0.02045676 0.02551383 0.2529636
-0.3709766 0.6346976 0.3782506 0.240308 0.00884968 0.1094231 -0.01852344 0.02687354 0.252458
-0.3746133 0.6367593 0.3783886 0.2403501 0.007899526 0.108442 -0.01944066 0.02494074 0.2517962
-0.3737439 0.6320683 0.3767346 0.239887 0.008160162 0.1118526 -0.02026319 0.02605051 0.2515432
-0.3756426 0.6337197 0.3757174 0.2396556 0.007950844 0.1105201 -0.0204852 0.02591016 0.2524191
-0.3723372 0.6329724 0.3759099 0.2422887 0.008733152 0.1114226 -0.01995966 0.02595962 0.2539549
-0.3715623 0.633709 0.3752884 0.2418163 0.008654243 0.1105321 -0.02001232 0.02620127 0.2536643
-0.3710359 0.6330429 0.3761884 0.2410274 0.009430698 0.1103482 -0.01918878 0.02536258 0.2531424
