-0.4823181 0.7010193 0.4786559 0.1836943 -0.01477337 0.08450905 0.03208103 -0.03413409 0.1327255
-0.5076978 0.6281502 0.3986361 0.1766693 0.0004592631 0.1007839 -0.04604625 0.02153177 0.2472651
-0.4107164 0.6232409 0.3081281 0.2523543 -0.002054807 0.1084641 -0.01986221 0.03083085 0.3252819
-0.3787425 0.6476753 0.3595008 0.1984258 0.01778008 0.07849505 -0.02075724 0.00945169 0.2370471
-0.3726727 0.6417172 0.3486573 0.2274768 0.005234068 0.09961043 -0.008106572 0.02526943 0.2759035
-0.3719977 0.6196377 0.3524998 0.2298406 0.01329152 0.09989823 -0.01042855 0.004337304 0.2650205
-0.3779573 0.6389163 0.3638082 0.2429087 0.01717728 0.09894469 0.002272638 0.01971297 0.2426861
-0.3588406 0.633088 0.3792162 0.255159 0.0158734 0.1000387 0.004590582 0.005140239 0.2462558
-0.3788988 0.6272053 0.3400007 0.2306213 0.01729316 0.09955784 0.005758836 0.009784892 0.2650784
-0.3730246 0.638669 0.3400911 0.24363 0.01267104 0.09584202 -0.008225105 0.01635781 0.249276
-0.3847233 0.6525443 0.3600266 0.2298045 0.01491504 0.09397867 -0.01184217 0.02347723 0.2467114
-0.3583698 0.6364696 0.3567133 0.2445554 0.0117217 0.1027307 -0.01100238 0.02107711 0.2531241
-0.349971 0.637987 0.3620042 0.2474742 0.01191498 0.08983167 -0.007775458 0.01425985 0.2528831
-0.3582426 0.63047 0.3632612 0.2497329 0.01509795 0.1069571 -0.009943137 0.02052399 0.2473032
-0.3516242 0.6335827 0.3605082 0.2515677 0.01803378 0.1006921 -0.01114914 0.01628894 0.2590301
-0.3637497 0.6214028 0.3586841 0.2414506 0.01830529 0.1108468 -0.005524678 0.01396413 0.2571078
-0.3662855 0.6328867 0.3646752 0.2434397 0.01840478 0.09881296 -0.002339583 0.01498736 0.2490155
-0.3637969 0.636656 0.3613536 0.2382113 0.01158199 0.09810233 -0.01372183 0.01995971 0.2512548
-0.3579461 0.6372788 0.351845 0.2387933 0.01604666 0.09555495 -0.01558405 0.01341364 0.2508919
-0.3536274 0.6294697 0.3498167 0.2401641 0.01343736 0.1023833 -0.01684234 0.01901732 0.2529874
-0.3682459 0.6310541 0.3454727 0.2360643 0.0143216 0.1016803 -0.01193736 0.01396241 0.2605257
-0.3680942 0.6361757 0.3636889 0.2393175 0.01465063 0.09645047 -0.01128138 0.01458287 0.2536263
-0.366744 0.6332267 0.3696737 0.2438451 0.01924547 0.09622518 -0.01136958 0.0184662 0.2496064
-0.3592175 0.6328961 0.3521596 0.2488441 0.01878109 0.09640418 -0.01395688 0.01384481 0.2547336
-0.3575391 0.6366088 0.3609137 0.249254 0.01765263 0.1003597 -0.01050365 0.01554235 0.2477949
-0.347583 0.6449874 0.3690596 0.2498383 0.01399583 0.09569739 -0.01379287 0.01680835 0.247751
-0.3586575 0.6430578 0.364752 0.2407755 0.01418069 0.09407817 -0.01385663 0.01872262 0.2479454
-0.3746127 0.6383795 0.3622923 0.2362342 0.01561282 0.1011481 -0.01386476 0.01457294 0.2484641
-0.3536784 0.6335184 0.3615438 0.2502155 0.02439844 0.1000308 -0.008063929 0.01540351 0.2510264
-0.3612208 0.6400635 0.3523346 0.24036 0.01565599 0.09612005 -0.007967607 0.01404681 0.2584046
-0.3671623 0.6370922 0.3502945 0.2383333 0.01781019 0.09558609 -0.005558346 0.01792298 0.2553395
-0.3635881 0.637678 0.3496375 0.2398533 0.0173015 0.102306 -0.009319358 0.01651888 0.2585572
-0.3747249 0.6413095 0.3695641 0.2358134 0.0149499 0.09581332 -0.009436213 0.0161344 0.2543448
-0.3652375 0.637922 0.351633 0.2434517 0.01674234 0.09720435 -0.0137599 0.01866367 0.2516889
-0.36277 0.6349995 0.3524911 0.2433891 0.01892496 0.09895452 -0.01592146 0.01542536 0.2509178
-0.3573885 0.6325544 0.358055 0.2447063 0.016369 0.09811588 -0.01086319 0.01563675 0.2530928
-0.3592337 0.6306934 0.3527341 0.2433173 0.01629109 0.1001498 -0.01598227 0.01143091 0.2555556
-0.3629728 0.6418507 0.3522237 0.2449841 0.01752877 0.09760346 -0.01073386 0.02000897 0.2527039
-0.3571735 0.6361714 0.3614208 0.2443135 0.01596032 0.09832199 -0.0165207 0.01178536 0.2476515
-0.3589729 0.6413635 0.3506473 0.2421529 0.01958553 0.09576509 -0.01128334 0.01745092 0.252145
-0.3603133 0.6346639 0.3638123 0.2410068 0.01876828 0.1014785 -0.01012049 0.01687372 0.2481716
-0.364555 0.6251299 0.36226 0.2413633 0.02333412 0.1045703 -0.01361818 0.01819122 0.2515433
-0.3638568 0.6377256 0.357877 0.2406326 0.01583538 0.09391661 -0.009334479 0.01600274 0.2531659
-0.3558844 0.6366951 0.3500336 0.2421109 0.02027606 0.09983597 -0.009948479 0.01682543 0.2588585
-0.3549547 0.6374105 0.3569206 0.2500195 0.01910586 0.1017461 -0.009270162 0.01952267 0.255732
-0.3604958 0.6401895 0.3533393 0.2423137 0.01614618 0.09600059 -0.01132131 0.01462932 0.2595338
-0.3606762 0.6349378 0.3555566 0.2458334 0.01686242 0.09845647 -0.01037805 0.01511794 0.2527946
-0.3587321 0.6408848 0.354203 0.2439087 0.0158002 0.09484576 -0.01414706 0.01838622 0.2583881
-0.3690702 0.642255 0.3635029 0.2346064 0.01797583 0.0976986 -0.01094435 0.01559162 0.2478946
-0.3677281 0.6316621 0.3473657 0.2341725 0.0171276 0.1012869 -0.009631554 0.02038352 0.2592938
-0.367452 0.6355297 0.3514371 0.2432979 0.01601635 0.09924329 -0.01277865 0.01774002 0.2543339
-0.3519528 0.6392468 0.3560603 0.245985 0.01975503 0.09936587 -0.01045897 0.01805506 0.2571338
-0.3548415 0.6333834 0.3524956 0.2409117 0.01806051 0.09848911 -0.01068001 0.0188505 0.2546075
-0.3570052 0.6423482 0.3552889 0.2430977 0.01610411 0.09612528 -0.01569988 0.014773 0.2520367
-0.3761387 0.633205 0.355987 0.2357205 0.01487133 0.1001633 -0.01094364 0.01756685 0.2492901
-0.3676482 0.6313393 0.3501536 0.2408291 0.01768347 0.1001015 -0.01233649 0.01831518 0.2534983
-0.3649783 0.6314692 0.3572035 0.2420301 0.01476506 0.1006103 -0.01367345 0.01898035 0.2506551
-0.3565697 0.6340608 0.3621699 0.2454157 0.01670398 0.09798181 -0.009542525 0.0160397 0.2495242
-0.359192 0.6356578 0.356038 0.2442494 0.01873601 0.0976165 -0.01169785 0.01535717 0.253908
-0.3586184 0.6317587 0.3501285 0.2428682 0.01624715 0.100385 -0.01208512 0.01678503 0.2569827
-0.3645073 0.6346659 0.3610494 0.2382869 0.01436519 0.09910951 -0.01314864 0.01664321 0.252771
-0.3665116 0.6325952 0.3551104 0.2395379 0.01733119 0.09958302 -0.01450888 0.01667146 0.255983
-0.3528209 0.6358143 0.3560115 0.2497425 0.01783199 0.1009507 -0.01149894 0.01902805 0.254635
-0.3639853 0.6357823 0.3468057 0.2420149 0.01656787 0.09897361 -0.0141007 0.01648845 0.2553674
-0.3594449 0.6337239 0.3533642 0.2420388 0.01535563 0.09732181 -0.01055957 0.01673648 0.2534112
-0.3555288 0.6314602 0.3489133 0.2409982 0.0185915 0.1000297 -0.01345288 0.01643641 0.2575175
-0.3578013 0.6336632 0.3580664 0.2424789 0.01610894 0.0992229 -0.01304302 0.01425641 0.2501543
-0.3565893 0.6345049 0.3604963 0.2441603 0.01663999 0.09798721 -0.01123304 0.01843059 0.2530035
-0.3604143 0.6323837 0.3545143 0.2425673 0.01851421 0.1002353 -0.009031517 0.01578364 0.2521817
-0.3663723 0.6350091 0.3599462 0.2416866 0.01887067 0.09868013 -0.008985128 0.01636331 0.2526577
-0.35862 0.6362607 0.3532413 0.2452887 0.01830822 0.09969899 -0.01323562 0.01745225 0.2525276
-0.3629202 0.6400473 0.3544383 0.2405604 0.01937186 0.09836241 -0.01020038 0.01553581 0.252058
-0.362889 0.6349847 0.3562252 0.2384839 0.01675561 0.09930098 -0.01239902 0.01663489 0.2533411
-0.3620046 0.6383785 0.3541172 0.2425495 0.01703575 0.09823107 -0.01338488 0.01756571 0.2551205
-0.3518884 0.6372122 0.357879 0.2433205 0.01724093 0.09816762 -0.01196844 0.01631996 0.2500513
-0.3577413 0.6352422 0.3486056 0.2465203 0.01902483 0.0980929 -0.01039345 0.01647371 0.2542215
-0.365611 0.6361896 0.3550742 0.241688 0.01755082 0.09813165 -0.01210273 0.01662821 0.2558554
-0.3592614 0.6393422 0.3584309 0.2421662 0.01778465 0.09844455 -0.01027318 0.01415349 0.2537621
-0.3671932 0.6381147 0.3639691 0.2391055 0.01795323 0.09664108 -0.01195455 0.01696582 0.2493203
-0.3588389 0.6384454 0.3594609 0.2418196 0.01700923 0.09728301 -0.01041215 0.01534568 0.251866
-0.3626042 0.6349304 0.3565417 0.2404612 0.01790952 0.0986356 -0.01147685 0.01655855 0.2541717
-0.3632822 0.6340023 0.3510761 0.2440392 0.01805822 0.1010181 -0.01074628 0.01948138 0.2585581
-0.3563278 0.633129 0.3527733 0.2440292 0.01848136 0.1010442 -0.0100463 0.01796061 0.2570741
-0.3565963 0.6350225 0.3531829 0.2431427 0.01736446 0.09862831 -0.01126677 0.01537652 0.2530037
-0.3608412 0.6341531 0.3504338 0.2412352 0.01758492 0.1004716 -0.007011383 0.01659406 0.2541185
-0.3614863 0.6388406 0.3560965 0.2426053 0.0168075 0.09738626 -0.01139253 0.01709239 0.2547829
-0.3611931 0.636028 0.3590973 0.2431952 0.01706312 0.09881597 -0.009857906 0.01677479 0.2514745
-0.3593204 0.6328349 0.3536245 0.2417099 0.0175846 0.1004907 -0.0107369 0.01661858 0.2513982
-0.3606084 0.6384372 0.3565954 0.2433325 0.01698113 0.0975093 -0.01359818 0.01440204 0.2509807
-0.3599209 0.6337052 0.358214 0.2434846 0.01680515 0.09895496 -0.01155216 0.01781009 0.2552553
-0.3603783 0.634719 0.3588103 0.2406977 0.01584825 0.0987735 -0.01172861 0.01789662 0.2509046
-0.3585002 0.6359918 0.3558785 0.2436383 0.01605903 0.09877379 -0.01173846 0.01805743 0.2523152
-0.3642377 0.6363341 0.356012 0.2446062 0.01720838 0.0977508 -0.01311755 0.01557773 0.2520405
-0.3620998 0.6328393 0.3532497 0.2405274 0.01771535 0.1009867 -0.01132995 0.01894442 0.2543737
-0.3537315 0.636812 0.3548017 0.2459911 0.01689375 0.09964911 -0.01366338 0.01722409 0.2549058
-0.3613353 0.6379184 0.3570645 0.241485 0.01653338 0.09944432 -0.01035034 0.01637514 0.2508089
-0.3626983 0.6339321 0.3545066 0.2424993 0.01670142 0.1003124 -0.01194955 0.01596688 0.253622
-0.3579816 0.6368877 0.3595296 0.2427384 0.01777638 0.0998442 -0.01320419 0.01691764 0.2509781
-0.3573926 0.6365268 0.358995 0.2451318 0.01965113 0.09812306 -0.0111251 0.01595922 0.2501568
-0.3646004 0.6347461 0.3550557 0.2394257 0.01851264 0.0996191 -0.01419563 0.01627936 0.2538688
-0.3588446 0.6372903 0.3566639 0.2429258 0.01677467 0.09728905 -0.01137479 0.01649033 0.2546307
-0.3574746 0.6342413 0.3520699 0.2415486 0.0162261 0.1000402 -0.01166411 0.01699072 0.2551553
-0.3605739 0.6360898 0.356128 0.2425804 0.01700811 0.09849694 -0.01015841 0.01751224 0.2531999
-0.3631603 0.6356442 0.3570732 0.2416173 0.01731838 0.09781236 -0.0105398 0.01630972 0.2536548
-0.358556 0.6368321 0.3571988 0.2433027 0.01799349 0.09846499 -0.01205605 0.01592899 0.2529313
-0.3596546 0.6348816 0.3564245 0.2423613 0.01748101 0.09990484 -0.01170573 0.01639271 0.2550066
-0.35964 0.6375319 0.3579317 0.2416415 0.01764386 0.09830087 -0.01081725 0.01594921 0.2517951
-0.3618858 0.6380472 0.3539723 0.2405628 0.01720072 0.09869746 -0.01064403 0.01625341 0.2538442
-0.3619339 0.6343603 0.3540246 0.2416369 0.01822118 0.09915397 -0.01177628 0.0164271 0.2555284
-0.3611784 0.6345967 0.3567882 0.2436717 0.01782658 0.09961262 -0.0105844 0.0165431 0.2527378
-0.3609639 0.6357298 0.3559026 0.2431023 0.01704159 0.09980545 -0.01130568 0.01690952 0.2532846
-0.3620758 0.6342171 0.3551481 0.2405723 0.0181565 0.09946098 -0.01061394 0.01659793 0.2542709
