2.107303 2.721069 2.505373 2.207252 1.062355 0.6945169 0.7302622 0.6377633 2.246393
2.262727 2.666144 3.201569 6.832364 3.411601 1.909887 1.289478 0.7318851 2.088428
2.018809 2.492628 3.33927 3.213888 1.575215 0.9513269 0.4422014 0.3653862 1.38238
1.891715 2.40591 3.13113 3.46365 1.483389 0.8387033 0.6831775 0.3668924 1.55357
1.851242 2.369145 3.229034 5.707945 2.53776 1.334501 1.803731 0.9035252 2.009793
2.182566 2.541245 3.221361 6.091253 2.758396 1.454952 1.170167 0.6620285 1.834971
2.000633 2.443146 3.23666 4.66122 2.00046 1.05817 0.8801128 0.4799339 1.437206
2.053039 2.476877 3.230375 4.484087 2.039687 1.157304 1.06551 0.563154 1.624457
2.1225 2.492173 3.277067 4.823884 2.187038 1.195557 1.170582 0.598257 1.634075
2.025053 2.452889 3.247104 4.990791 2.266028 1.225757 1.147395 0.6009355 1.616549
2.023149 2.451268 3.238095 4.55623 2.005012 1.076516 0.8547675 0.4900289 1.498801
2.086014 2.495932 3.289092 5.045497 2.236683 1.206364 1.005797 0.5793089 1.654673
2.094596 2.493757 3.27689 4.898461 2.193702 1.206349 1.038393 0.5689139 1.643206
2.07083 2.472087 3.241713 4.948897 2.195655 1.163657 1.052905 0.5744028 1.566083
2.041896 2.458632 3.261966 4.904854 2.179132 1.182345 1.023793 0.5789729 1.605478
2.078223 2.47195 3.238134 4.962076 2.216776 1.202115 1.049837 0.5612281 1.605668
2.038473 2.459047 3.252406 5.042074 2.241025 1.197441 1.068072 0.5817378 1.580836
2.098761 2.496594 3.267807 5.230798 2.342192 1.248937 1.138914 0.6176439 1.63362
2.129069 2.513556 3.257629 5.303308 2.333092 1.230227 1.151504 0.6122583 1.569847
2.092993 2.492172 3.270189 5.271904 2.328245 1.231035 1.170959 0.6255344 1.616647
2.123439 2.503362 3.26472 4.945247 2.210464 1.194109 1.049284 0.5653017 1.560066
2.064949 2.476209 3.229048 5.057327 2.268076 1.220261 1.211894 0.6389023 1.602728
2.099737 2.497262 3.255225 5.206809 2.338596 1.258951 1.120505 0.620901 1.608745
2.044781 2.455213 3.244028 5.008807 2.186964 1.16496 1.081649 0.5808452 1.577752
2.056147 2.474179 3.25256 5.087111 2.232554 1.187039 1.175744 0.6172841 1.701731
2.094984 2.48914 3.256015 5.125007 2.281876 1.218258 1.175767 0.6053939 1.591737
2.093344 2.496422 3.272186 5.202633 2.317906 1.235319 1.170373 0.6154316 1.704871
2.092975 2.470526 3.27279 4.920761 2.184861 1.165661 1.059041 0.552071 1.605366
2.050389 2.468466 3.26669 5.133735 2.301246 1.238569 1.18756 0.6258072 1.663968
2.108943 2.496106 3.258001 5.187301 2.313339 1.231933 1.209112 0.6443646 1.677449
2.04885 2.474109 3.24809 4.911463 2.192053 1.187739 1.119336 0.5988175 1.601383
2.123717 2.500458 3.250418 5.045693 2.251841 1.206235 1.095212 0.5688008 1.61977
2.062139 2.472563 3.24849 4.778208 2.114102 1.133964 1.058191 0.5764305 1.6591
2.039995 2.462614 3.231897 5.045979 2.237666 1.198125 1.065517 0.5726448 1.514659
2.098373 2.485725 3.266268 5.007884 2.207286 1.176982 1.15458 0.6114062 1.651314
2.060236 2.47372 3.243806 5.092163 2.267229 1.215057 1.128314 0.5972322 1.610352
2.102379 2.494833 3.245403 5.28227 2.331015 1.240223 1.185615 0.6368172 1.647355
2.094697 2.495172 3.267508 5.106205 2.263926 1.211829 1.215939 0.6358308 1.695869
2.075521 2.484668 3.268849 4.970599 2.239213 1.213235 1.076929 0.5901235 1.597176
2.069774 2.470838 3.257694 5.04375 2.262243 1.219565 1.148472 0.6107421 1.649517
2.080649 2.479438 3.246309 5.029614 2.21001 1.181997 1.114236 0.5819012 1.63349
2.060509 2.471162 3.261627 4.868248 2.160357 1.156761 1.109292 0.5833715 1.633254
2.170014 2.520878 3.273982 5.243428 2.316091 1.228737 1.210635 0.6331465 1.661573
2.062065 2.476456 3.256409 5.087896 2.264167 1.216164 1.21144 0.638655 1.682377
2.028285 2.456149 3.250843 4.849239 2.154664 1.151427 1.084088 0.5690207 1.617266
2.074471 2.481262 3.276675 5.123373 2.28645 1.226985 1.212047 0.6543299 1.717704
2.036996 2.461733 3.262437 4.985113 2.233394 1.202465 1.216543 0.6509194 1.691459
2.068022 2.478739 3.248406 5.033588 2.250236 1.207959 1.0612 0.5625961 1.567523
2.063006 2.465377 3.251679 4.957582 2.199057 1.17462 1.126885 0.5923884 1.663098
2.06865 2.475989 3.275411 5.185063 2.319951 1.246754 1.134974 0.61038 1.623755
2.086138 2.483621 3.249056 5.042058 2.236783 1.205794 1.128108 0.5962895 1.597764
2.0429 2.46488 3.26743 4.779589 2.118923 1.141625 1.114908 0.5994466 1.643192
2.043599 2.47025 3.22797 4.976541 2.199875 1.169809 1.101929 0.5834594 1.615134
2.094678 2.492866 3.258016 4.991235 2.218707 1.189846 1.03502 0.5643156 1.580468
2.060891 2.473715 3.233696 4.860994 2.159863 1.165433 1.082971 0.5902383 1.59944
2.066598 2.475326 3.244392 5.019136 2.222072 1.191248 1.055059 0.5683213 1.569248
2.095081 2.487014 3.256308 5.145002 2.277823 1.210026 1.088993 0.5849967 1.579653
2.076129 2.480966 3.255807 5.068504 2.254312 1.203073 1.164096 0.6196656 1.649036
2.021739 2.457691 3.250754 4.908662 2.177903 1.171667 1.048822 0.5723367 1.617231
2.048946 2.467093 3.253439 4.869725 2.142163 1.143362 1.056565 0.5632345 1.607875
2.070958 2.479384 3.252271 4.965309 2.194894 1.170215 1.090965 0.5715297 1.621191
2.080968 2.481493 3.239796 4.961639 2.196622 1.174401 1.070321 0.5696757 1.580783
2.046215 2.468964 3.232812 4.930086 2.214792 1.202366 1.033276 0.5657119 1.588581
2.081294 2.481963 3.246385 5.022483 2.245071 1.205559 1.112163 0.5965753 1.585401
2.057935 2.473831 3.247721 5.016288 2.212714 1.174695 1.087192 0.5710626 1.59671
2.093464 2.492025 3.265275 4.969491 2.209176 1.187039 1.088977 0.584568 1.597931
2.06377 2.475618 3.241955 5.021613 2.239489 1.202951 1.131772 0.6031319 1.60733
2.04691 2.466419 3.250427 5.025624 2.210478 1.173365 1.123785 0.5936105 1.65178
2.071691 2.47651 3.252789 5.064856 2.249252 1.202254 1.103787 0.5815575 1.627729
2.09428 2.483921 3.262397 5.175856 2.292641 1.218278 1.162647 0.618809 1.651109
2.04753 2.470552 3.244299 4.984271 2.209548 1.183726 1.074543 0.5778994 1.592644
2.088059 2.484475 3.269352 5.061801 2.253664 1.204601 1.128193 0.6039515 1.6759
2.063762 2.470637 3.252141 5.001882 2.240559 1.211219 1.121302 0.600527 1.624335
2.042902 2.465804 3.268047 4.920798 2.183564 1.167427 1.048362 0.5571808 1.631388
2.073768 2.478721 3.246654 5.07765 2.249079 1.200317 1.107701 0.5851177 1.602872
2.071826 2.482252 3.254893 4.951874 2.200637 1.182127 1.087367 0.5837871 1.616494
2.080541 2.483727 3.259855 4.988633 2.21027 1.182737 1.107261 0.589816 1.612841
2.063132 2.474045 3.249829 5.005572 2.229477 1.190436 1.111703 0.5932106 1.613744
2.100396 2.487377 3.267061 5.186778 2.305637 1.225614 1.148791 0.6034588 1.616196
2.078531 2.47591 3.246694 5.093094 2.258303 1.206043 1.110184 0.5921555 1.64211
2.047183 2.464321 3.245014 4.902715 2.176132 1.172341 1.080554 0.5787074 1.605157
2.065663 2.479212 3.261297 5.027243 2.222812 1.190203 1.130213 0.6052696 1.616931
2.059254 2.472802 3.246578 5.01181 2.219945 1.187761 1.109051 0.5948592 1.644805
2.063554 2.475795 3.24991 4.874287 2.160204 1.159137 1.08014 0.5792404 1.609667
2.086988 2.484957 3.254001 5.022527 2.223397 1.186935 1.111655 0.586232 1.636743
2.056472 2.471859 3.254994 4.887263 2.18294 1.175819 1.046615 0.5662888 1.608886
2.057402 2.470662 3.242976 4.874119 2.157715 1.15474 1.052724 0.5724263 1.591162
2.084849 2.484942 3.252281 5.051254 2.26321 1.217607 1.137228 0.6105672 1.646496
2.073875 2.478025 3.23811 4.909279 2.171133 1.163715 1.072227 0.5739046 1.613575
2.063053 2.471946 3.262123 4.926802 2.183232 1.168031 1.14114 0.5973428 1.625661
2.067699 2.476681 3.250001 4.995968 2.210914 1.18312 1.081843 0.5745766 1.628073
2.084309 2.484817 3.250103 5.012986 2.225016 1.190069 1.106287 0.5908845 1.619497
2.06589 2.473507 3.244989 5.132504 2.286773 1.221339 1.151909 0.6135517 1.626355
2.074701 2.478373 3.25601 5.098727 2.257477 1.203172 1.11015 0.5955389 1.60968
2.065808 2.470629 3.235616 4.889089 2.165924 1.161244 1.04301 0.5604277 1.574974
2.058819 2.47411 3.253001 4.961967 2.212272 1.188871 1.10918 0.5899418 1.61796
2.062556 2.473821 3.259816 5.016077 2.228636 1.193977 1.118347 0.5919594 1.620597
2.053897 2.468734 3.24923 5.014593 2.210996 1.178341 1.105878 0.5871296 1.611413
2.088824 2.481572 3.261038 5.0641 2.250871 1.201529 1.127191 0.5946207 1.617793
2.083109 2.479911 3.256992 5.073977 2.24728 1.201062 1.116878 0.5908838 1.604959
2.08307 2.481722 3.258863 5.087308 2.26805 1.212229 1.135218 0.6045274 1.62735
2.071077 2.47495 3.258222 5.04701 2.254209 1.210119 1.129676 0.6015986 1.616888
2.071227 2.476848 3.250633 5.020279 2.226909 1.192317 1.089227 0.5795452 1.62319
2.078609 2.479872 3.265338 5.051788 2.241998 1.196952 1.122017 0.5963588 1.64019
2.074178 2.478961 3.248205 5.080084 2.253962 1.201339 1.123457 0.595278 1.624398
2.069979 2.476777 3.250455 5.058848 2.253569 1.208897 1.117312 0.5927106 1.62701
2.057543 2.471998 3.250662 4.990221 2.216519 1.185687 1.097953 0.5858908 1.595827
2.072908 2.476417 3.247103 5.035841 2.234025 1.197631 1.106975 0.5905806 1.60163
2.05275 2.469892 3.247944 4.999621 2.215048 1.185063 1.107886 0.585959 1.602323
2.059029 2.471836 3.249733 5.003294 2.214148 1.181778 1.078494 0.5760613 1.597203
2.068999 2.476228 3.247475 4.987817 2.214794 1.18566 1.077654 0.5782862 1.602309
2.068528 2.475629 3.251996 4.978757 2.221592 1.194647 1.114943 0.593576 1.617584
