1.924397 2.428302 3.195115 2.041149 0.8363553 0.4072482 0.4586615 0.09904185 1.124682
1.850802 2.349904 3.134664 3.574933 1.509914 0.7626631 0.8390059 0.4138012 1.136619
2.307689 2.556141 3.225546 6.913872 2.928342 1.44333 1.728756 0.7561449 1.707619
2.092851 2.50467 3.400661 5.403062 2.579438 1.436912 1.63699 0.835431 1.696916
1.986812 2.401543 3.34176 4.195877 1.88642 1.03555 1.113745 0.6027791 1.599094
2.125102 2.505858 3.202486 5.802095 2.586918 1.329224 1.279876 0.6534459 1.677608
2.134545 2.509648 3.259592 5.956223 2.544495 1.275261 1.13219 0.5837882 1.550882
1.930668 2.409639 3.188048 4.352348 1.924922 1.037787 1.023581 0.5404911 1.419242
2.015547 2.454373 3.275449 4.832692 2.137891 1.147901 1.100652 0.5406107 1.563875
2.026875 2.455703 3.280027 5.312269 2.408545 1.278793 1.214328 0.6568057 1.655401
2.086714 2.500002 3.290419 5.589021 2.510706 1.30304 1.271764 0.6685682 1.565482
1.919584 2.415326 3.252058 4.674146 2.047514 1.086133 0.9940189 0.5255041 1.513468
2.01436 2.454964 3.238915 5.520738 2.497294 1.329312 1.319255 0.6822082 1.59378
1.938297 2.423214 3.192819 5.105477 2.290654 1.21966 1.175275 0.6297066 1.587903
1.948994 2.418065 3.20101 4.892175 2.132218 1.121465 0.9738221 0.5341542 1.513447
1.987621 2.430676 3.192001 4.803189 2.098313 1.11596 1.054411 0.5630448 1.546878
2.075115 2.483422 3.224044 5.17706 2.325413 1.245897 1.144969 0.6123571 1.619738
2.027185 2.464876 3.24647 4.665087 2.05226 1.104116 1.057126 0.5669579 1.586066
1.977589 2.434193 3.232321 4.879588 2.170403 1.165013 1.105842 0.6042766 1.617388
1.943444 2.427061 3.229687 4.636322 2.07955 1.120104 1.028943 0.5505063 1.615664
1.986681 2.438426 3.217087 5.091006 2.258845 1.192862 1.105916 0.5743082 1.578891
1.949314 2.411628 3.241369 4.845033 2.139973 1.138366 1.060692 0.5455446 1.522559
1.996376 2.442836 3.246833 4.816096 2.151899 1.149951 0.987762 0.5410394 1.595173
1.991074 2.421777 3.187406 5.296385 2.351818 1.246795 1.064025 0.5575291 1.483084
2.014832 2.448204 3.209018 5.338866 2.341753 1.217259 1.202334 0.6316119 1.555684
1.983018 2.436923 3.238751 4.727317 2.109775 1.12887 1.088273 0.5744885 1.546186
2.00781 2.440364 3.242533 5.165304 2.271723 1.195751 1.153828 0.6117079 1.572846
2.010618 2.44968 3.25282 5.047312 2.239441 1.18269 1.118708 0.5994269 1.569121
1.988961 2.436871 3.23621 4.888598 2.17934 1.161685 1.084335 0.578509 1.619941
1.979338 2.435791 3.238087 4.96634 2.174299 1.150914 1.052002 0.554833 1.571068
1.948876 2.416511 3.228959 4.744782 2.081802 1.105818 1.01718 0.5239063 1.515807
1.959698 2.418815 3.234524 4.957205 2.207116 1.173304 1.057047 0.5591375 1.525446
2.038156 2.468199 3.245929 4.926156 2.191825 1.163257 1.096024 0.5775 1.52077
1.980052 2.439235 3.225888 5.004696 2.224529 1.17851 1.140483 0.586905 1.551843
1.990665 2.435627 3.238857 4.936589 2.192054 1.162493 1.048478 0.5526543 1.540406
1.988783 2.430376 3.22905 4.924216 2.188708 1.165389 1.078721 0.5790955 1.574995
1.963029 2.424412 3.226947 4.791098 2.125207 1.138261 1.012643 0.5464751 1.519617
1.985134 2.435765 3.214145 4.967106 2.216541 1.181499 1.169508 0.607846 1.554136
2.019806 2.452388 3.235479 5.107728 2.271713 1.199902 1.122175 0.5689276 1.55666
2.011301 2.458692 3.25221 4.896635 2.1701 1.14716 1.09658 0.5739712 1.544298
2.006283 2.443918 3.227984 4.817893 2.142865 1.140672 1.0231 0.5438791 1.497939
2.01307 2.450782 3.248833 5.062163 2.251092 1.194014 1.127675 0.5940352 1.535827
1.995287 2.445681 3.229913 4.954824 2.216557 1.193687 1.170976 0.6250478 1.64179
2.011415 2.451544 3.223017 5.155041 2.3023 1.227217 1.126419 0.6108785 1.533352
2.012894 2.446942 3.219304 4.894431 2.149447 1.144898 1.027622 0.5453969 1.562477
1.9975 2.445612 3.247093 4.933406 2.205879 1.178225 1.127964 0.5958464 1.556246
1.966805 2.427734 3.24242 4.88137 2.141975 1.136872 1.108311 0.5852732 1.573013
2.010412 2.4561 3.229382 5.058985 2.252243 1.202555 1.068697 0.5682226 1.579881
2.003742 2.451879 3.227647 5.100731 2.266094 1.196285 1.085093 0.5721604 1.515162
2.021238 2.455833 3.244635 5.260622 2.330534 1.232038 1.151507 0.5992344 1.528975
2.024362 2.454732 3.249961 4.848133 2.128526 1.124043 1.082111 0.5559438 1.494953
1.981797 2.439266 3.257318 5.07864 2.246299 1.177588 1.163641 0.6002273 1.580936
2.022174 2.449164 3.242362 5.208451 2.293724 1.211315 1.075889 0.5638116 1.56188
1.978998 2.431421 3.235326 4.822779 2.139742 1.145019 1.090251 0.573105 1.5339
2.00872 2.44101 3.231666 4.915262 2.1586 1.141146 1.082906 0.5609199 1.561216
1.962339 2.428393 3.208105 4.791559 2.143165 1.148961 1.027179 0.5593041 1.505346
1.97877 2.439135 3.235426 4.863963 2.175429 1.166782 1.140147 0.608248 1.552715
1.964212 2.429698 3.213374 4.910121 2.176135 1.166263 1.110075 0.5840959 1.535482
2.006509 2.447898 3.232909 4.965265 2.206449 1.176649 1.06675 0.562515 1.557605
2.006943 2.44952 3.26901 4.885341 2.195327 1.190529 1.147441 0.6228497 1.603634
2.006154 2.449339 3.232304 4.928158 2.202278 1.178722 1.115829 0.5925621 1.541889
1.97258 2.432885 3.243545 4.900808 2.170976 1.157226 1.089496 0.5593642 1.542396
2.020787 2.453398 3.245143 5.172894 2.290264 1.208024 1.15227 0.598662 1.577287
2.001003 2.447742 3.243367 4.993263 2.221531 1.180783 1.073544 0.5765834 1.547204
2.008094 2.447188 3.239767 5.014195 2.221651 1.180754 1.125711 0.594098 1.556804
2.01641 2.453227 3.233471 5.061027 2.255115 1.201898 1.098813 0.5760273 1.55877
2.008081 2.449558 3.238544 5.15213 2.279695 1.201368 1.134397 0.5931423 1.564438
2.0072 2.449526 3.223597 5.012971 2.235329 1.191476 1.106385 0.5801938 1.532478
2.000253 2.44625 3.241021 4.989103 2.210231 1.174957 1.08089 0.5722968 1.50082
1.994926 2.448693 3.250198 5.078055 2.266999 1.209581 1.202822 0.6250616 1.612293
2.005741 2.444879 3.24724 5.143865 2.290348 1.214966 1.124 0.5910929 1.564611
1.992787 2.442009 3.251482 5.094079 2.265462 1.200562 1.134797 0.5990476 1.600993
2.035864 2.461848 3.248424 5.103712 2.268542 1.202403 1.173622 0.6153565 1.591884
1.984618 2.434294 3.232219 4.794756 2.138596 1.155211 1.076181 0.5743559 1.519997
1.97553 2.437684 3.222856 4.97394 2.200673 1.171104 1.081747 0.5695433 1.568945
2.010634 2.450218 3.242516 5.176038 2.303866 1.225532 1.15658 0.6190633 1.618505
1.98916 2.441624 3.232028 4.924796 2.185273 1.165897 1.066219 0.5662971 1.549844
1.982554 2.439766 3.230814 4.857239 2.166793 1.161119 1.10503 0.5882257 1.564693
2.005122 2.444119 3.236918 4.981422 2.197488 1.163917 1.104019 0.5822308 1.532005
2.005148 2.448568 3.249548 4.956848 2.19675 1.168962 1.08343 0.575221 1.556525
1.964099 2.430388 3.235836 4.883135 2.17445 1.161356 1.089319 0.582405 1.54467
1.996084 2.446563 3.230816 4.899282 2.192973 1.176924 1.092057 0.581526 1.542633
1.985761 2.439825 3.231085 4.877583 2.156615 1.148127 1.079657 0.574151 1.555916
1.971683 2.433434 3.23745 4.921941 2.177626 1.157031 1.094906 0.5739946 1.546175
1.979919 2.434872 3.230559 4.909386 2.189878 1.172135 1.08417 0.5752759 1.547834
2.018648 2.453282 3.238254 5.044913 2.245892 1.195204 1.127038 0.5910319 1.555384
2.012887 2.456638 3.232368 5.052202 2.264756 1.213481 1.127097 0.6013927 1.577519
2.0173 2.45307 3.231692 5.06113 2.245504 1.191555 1.093083 0.5755739 1.531291
1.978828 2.439424 3.240766 4.95474 2.201396 1.171789 1.115587 0.5878221 1.552146
1.98974 2.442644 3.235216 4.964889 2.214576 1.184365 1.093039 0.5787474 1.550774
1.994229 2.4393 3.229941 4.984287 2.221294 1.188077 1.111368 0.5856714 1.53965
1.998699 2.445617 3.236727 5.0016 2.217956 1.176386 1.131771 0.5941983 1.549882
1.988716 2.437762 3.235834 4.929735 2.190117 1.174187 1.07262 0.5680792 1.537246
1.994559 2.44355 3.238068 4.997741 2.231075 1.189908 1.118278 0.5821321 1.522582
1.995608 2.444382 3.22775 4.967135 2.217531 1.184382 1.088305 0.5810047 1.527373
2.005379 2.450038 3.24519 5.027952 2.228191 1.183038 1.089636 0.576812 1.55446
1.992653 2.439059 3.237697 4.975147 2.208244 1.172153 1.116034 0.5841876 1.54694
1.992406 2.44188 3.242104 5.099693 2.263258 1.201144 1.164259 0.6108912 1.586872
2.011506 2.453173 3.237983 4.988542 2.222523 1.185732 1.076706 0.5699286 1.540375
2.009984 2.453701 3.231654 5.047413 2.24689 1.19811 1.115307 0.5887488 1.554581
2.016358 2.453054 3.239429 5.04168 2.248558 1.197603 1.101004 0.5859775 1.553674
1.9899 2.439909 3.239649 4.943203 2.204357 1.17378 1.10558 0.5884205 1.566959
1.979557 2.437818 3.234085 4.902646 2.188297 1.17064 1.093594 0.578746 1.538049
2.007316 2.446699 3.240685 5.032839 2.232214 1.18602 1.113031 0.5916985 1.554891
1.996675 2.442475 3.227817 4.958692 2.206593 1.177806 1.071381 0.5694616 1.536194
1.992397 2.442808 3.239286 4.980964 2.211706 1.175744 1.118536 0.59317 1.551323
1.990651 2.440907 3.2332 4.949813 2.204057 1.17368 1.103909 0.5864539 1.552123
1.992184 2.444939 3.238258 5.011361 2.229889 1.185788 1.124584 0.5930984 1.550736
1.991255 2.441413 3.236079 4.893622 2.171369 1.159662 1.088903 0.5779498 1.556083
2.005335 2.448087 3.236546 5.03123 2.226992 1.179839 1.135998 0.5976683 1.566722
2.002939 2.445458 3.243417 4.943952 2.200827 1.17341 1.114913 0.5864213 1.544376
2.000672 2.444905 3.239005 4.954556 2.200349 1.174104 1.106638 0.5868975 1.560963
