3.645418 3.174792 3.627847 9.57849 3.51834 1.36591 2.567533 1.008797 1.437262
2.404374 2.602474 3.289032 5.003907 2.227425 1.164253 1.475587 0.7953165 1.977469
2.237986 2.581463 3.292746 5.856776 2.56574 1.36779 1.292565 0.7717886 1.679786
2.338711 2.601564 3.352496 7.498118 3.292604 1.622124 3.247263 1.525142 3.100044
2.091313 2.497324 3.272983 4.37129 1.996024 1.232944 0.86112 0.6729979 1.803876
2.280923 2.588343 3.15156 4.8845 2.215875 1.231766 1.299514 0.7319954 1.784619
2.257475 2.563205 3.306637 7.278775 2.772922 1.36854 2.192311 0.8651561 2.259312
2.199999 2.54125 3.333803 5.527738 2.481623 1.339261 1.442006 0.7045873 2.064391
2.073408 2.469167 3.266808 4.799637 2.111307 1.143677 1.009662 0.5428709 1.556461
2.091074 2.487189 3.300961 4.792095 2.146634 1.16734 1.236066 0.6503526 1.820579
2.076177 2.478258 3.21996 4.663426 2.090371 1.144542 1.165768 0.6351458 1.609402
2.023384 2.465397 3.295515 4.936483 2.26398 1.233256 1.234124 0.6618284 1.604666
2.093585 2.502693 3.317273 4.274784 1.907573 1.049841 0.992445 0.557757 1.588244
2.112283 2.492686 3.198486 4.895533 2.188822 1.185103 1.022336 0.5950859 1.668194
2.122955 2.494923 3.223108 5.017615 2.250245 1.219722 1.33458 0.7147624 1.803234
2.102267 2.494735 3.27202 4.583753 2.08318 1.14679 0.9883589 0.5745195 1.594635
2.118971 2.50676 3.247302 5.116424 2.236964 1.196381 1.172245 0.6071723 1.687605
2.143465 2.507891 3.254168 4.80107 2.131897 1.156888 1.180089 0.6349728 1.740657
2.10385 2.493816 3.221619 4.874502 2.129675 1.14638 0.9609411 0.5227085 1.506219
2.08139 2.474176 3.215383 4.572367 2.047665 1.116036 0.991599 0.5343966 1.58383
2.132637 2.505208 3.266536 5.138848 2.293953 1.236788 1.203597 0.6337148 1.682614
2.130303 2.502698 3.259747 5.391445 2.392262 1.26599 1.213747 0.643609 1.725577
2.110291 2.488563 3.244124 4.927528 2.193877 1.18103 1.19484 0.6247572 1.622149
2.128638 2.496736 3.22978 4.973324 2.202973 1.178828 1.09 0.5623178 1.537614
2.127812 2.504209 3.24364 4.84861 2.129063 1.14435 0.996248 0.5386149 1.59622
2.146838 2.515698 3.262163 4.957201 2.226461 1.201622 1.212548 0.6509206 1.741526
2.091274 2.489777 3.260625 4.661779 2.064849 1.121183 1.105885 0.5985619 1.63858
2.091093 2.479976 3.239509 5.360438 2.38534 1.275176 1.168663 0.6280779 1.64401
2.132265 2.506859 3.258943 5.304408 2.337171 1.231059 1.061041 0.5628323 1.572035
2.166123 2.50796 3.259908 4.940139 2.16999 1.163471 1.060373 0.5700569 1.599447
2.139207 2.508496 3.280602 4.695778 2.101808 1.148159 1.041374 0.5707332 1.627162
2.148768 2.508274 3.265271 5.034351 2.226995 1.186892 1.099886 0.5622061 1.64753
2.129004 2.498556 3.275229 5.045748 2.244023 1.211083 1.117369 0.592773 1.64442
2.118999 2.495328 3.229593 4.796173 2.132144 1.151048 0.9604803 0.5257922 1.600125
2.135225 2.496884 3.272873 4.85743 2.167895 1.176834 1.066963 0.5842698 1.659943
2.170409 2.520022 3.289356 5.255551 2.364417 1.27006 1.193416 0.645707 1.672013
2.153097 2.51355 3.279498 4.980965 2.244951 1.220047 1.109381 0.6025491 1.64763
2.136232 2.511454 3.255881 5.02131 2.209321 1.181687 1.074809 0.5752474 1.683531
2.118818 2.500094 3.257339 5.023106 2.261605 1.2261 1.13266 0.6026756 1.642432
2.098932 2.490729 3.280714 4.798109 2.14485 1.169138 1.089788 0.6014526 1.695857
2.149378 2.522379 3.278599 4.854964 2.201697 1.207067 1.12672 0.6085487 1.711593
2.118108 2.4958 3.215031 4.686175 2.087707 1.13266 1.048814 0.5719702 1.625999
2.165681 2.523672 3.254791 5.173194 2.325556 1.252496 1.192448 0.6322205 1.645423
2.102854 2.501732 3.264625 4.811113 2.15849 1.173517 1.103959 0.6034555 1.639629
2.163989 2.51817 3.272557 5.300432 2.356793 1.256439 1.241446 0.6616662 1.683102
2.131834 2.509095 3.272436 5.052001 2.257956 1.229928 1.126227 0.6201211 1.681465
2.096048 2.492678 3.271235 4.903745 2.209197 1.193183 1.08499 0.5810651 1.624974
2.102681 2.498777 3.241892 5.016973 2.30273 1.27473 1.160865 0.6341536 1.675681
2.075564 2.486341 3.251914 5.005451 2.215937 1.181742 1.074145 0.5814794 1.644676
2.087749 2.480803 3.248041 4.83 2.131628 1.140945 1.135053 0.5937942 1.603268
2.138424 2.509187 3.263191 5.01663 2.216728 1.19385 1.097247 0.5820996 1.617143
2.14282 2.520281 3.267781 5.058958 2.246222 1.197673 1.143853 0.6025032 1.681778
2.101823 2.489953 3.266735 4.793573 2.155313 1.178597 1.046093 0.5576475 1.629971
2.173825 2.527644 3.290241 5.750904 2.481134 1.287613 1.229372 0.6387081 1.667078
2.118963 2.49922 3.289882 4.813855 2.114462 1.132801 1.120645 0.5949377 1.735459
2.154492 2.509353 3.25196 5.109405 2.278457 1.222864 1.101582 0.5780295 1.666898
2.119267 2.491484 3.256062 4.872277 2.167354 1.173014 1.119341 0.6170014 1.681084
2.150665 2.511283 3.266739 4.960258 2.193467 1.176871 1.126009 0.6008518 1.692121
2.116021 2.496863 3.243879 4.830208 2.147027 1.161483 1.084692 0.5828825 1.624651
2.131296 2.503019 3.26593 5.152704 2.294379 1.226514 1.138675 0.6016765 1.653655
2.113631 2.504437 3.266047 4.697698 2.08643 1.127326 1.035446 0.5609851 1.621274
2.118378 2.496688 3.272118 4.875609 2.184779 1.180726 1.121295 0.602849 1.704267
2.127509 2.504494 3.288047 4.886125 2.17222 1.176682 1.09662 0.5859745 1.64514
2.108883 2.489923 3.259321 4.999089 2.20106 1.173252 1.130454 0.5948645 1.646531
2.134949 2.511201 3.257228 4.968028 2.20069 1.191668 1.138516 0.6008145 1.665163
2.112587 2.496854 3.247015 4.918086 2.196576 1.188384 1.121632 0.6103635 1.669808
2.118278 2.497062 3.258099 4.868528 2.171492 1.172699 1.099351 0.5959463 1.660305
2.121317 2.499242 3.253041 4.955526 2.195962 1.172117 1.065543 0.5666906 1.637708
2.123287 2.50164 3.25336 4.938501 2.189721 1.177852 1.133302 0.5987937 1.680275
2.128535 2.501642 3.269047 4.910456 2.187249 1.190517 1.091782 0.6021876 1.704661
2.140448 2.508411 3.274224 5.040235 2.261681 1.221306 1.147232 0.6114055 1.650479
2.118724 2.500586 3.259589 4.968792 2.213095 1.191547 1.126296 0.6036891 1.681812
2.134118 2.506617 3.284897 5.214475 2.324515 1.245248 1.210259 0.6443274 1.706576
2.129519 2.501239 3.24938 5.008084 2.226938 1.191221 1.127419 0.6064814 1.651286
2.132107 2.508301 3.266004 5.102515 2.279473 1.225985 1.159363 0.6131669 1.679491
2.124234 2.504213 3.260267 5.030898 2.248856 1.216438 1.153282 0.6151332 1.658903
2.137001 2.506044 3.259741 4.896275 2.177299 1.17115 1.114137 0.5911697 1.68023
2.106238 2.496248 3.252156 4.914197 2.181695 1.173067 1.13081 0.6043151 1.659259
2.142197 2.511843 3.270132 5.000221 2.226263 1.202283 1.138921 0.6142761 1.659441
2.133433 2.506353 3.275873 4.99727 2.234357 1.204627 1.169411 0.6181159 1.668667
2.131506 2.50007 3.253156 4.9003 2.164083 1.161621 1.087295 0.5777748 1.649561
2.114743 2.493153 3.260705 4.745399 2.104935 1.138779 1.052272 0.5592081 1.623188
2.13313 2.504135 3.265715 4.931964 2.198562 1.184375 1.110244 0.5970801 1.649082
2.125857 2.492717 3.24508 4.929435 2.180482 1.172627 1.091699 0.5833311 1.632429
2.114193 2.496087 3.258448 4.787109 2.140435 1.164634 1.090722 0.5895962 1.663805
2.130953 2.499265 3.265996 4.91164 2.181754 1.176668 1.101498 0.5994575 1.648691
2.125942 2.500496 3.253634 4.956218 2.211442 1.197635 1.092182 0.5867198 1.626253
2.128798 2.498496 3.253951 4.85243 2.154224 1.16067 1.086548 0.5858302 1.629333
2.131596 2.506502 3.270616 4.96843 2.219736 1.199395 1.125666 0.6119333 1.645984
2.131516 2.504967 3.260086 4.916876 2.204252 1.201576 1.142746 0.6094934 1.667295
2.145302 2.511209 3.262026 4.877486 2.16765 1.173282 1.103378 0.5929612 1.679484
2.132682 2.499135 3.26697 5.156816 2.286408 1.220747 1.11273 0.5990122 1.644162
2.143085 2.509082 3.264848 4.91692 2.207309 1.200738 1.125698 0.605228 1.659617
2.141923 2.508584 3.26257 4.907036 2.185524 1.184497 1.114363 0.6018733 1.678204
2.111371 2.493887 3.260818 4.932795 2.192977 1.182598 1.122865 0.6012902 1.656559
2.117677 2.498783 3.25965 4.83212 2.145759 1.159369 1.099818 0.5967079 1.655745
2.123288 2.498979 3.260764 4.965265 2.218414 1.197393 1.104824 0.5934946 1.651792
2.127225 2.502867 3.267715 4.858279 2.154932 1.162018 1.070396 0.5747029 1.653969
2.122403 2.49843 3.25288 4.967062 2.198815 1.183999 1.081763 0.5779563 1.643518
2.121643 2.49604 3.25417 5.076419 2.256672 1.212918 1.104992 0.5982666 1.660002
2.136027 2.504226 3.265585 4.869921 2.162107 1.165489 1.067134 0.5718455 1.623613
2.139611 2.505832 3.26089 5.038642 2.229339 1.196561 1.157885 0.6087404 1.667184
2.137249 2.506015 3.262126 4.988285 2.219189 1.19669 1.129828 0.5986424 1.618991
2.12339 2.500524 3.262408 4.95986 2.208338 1.188501 1.122674 0.596657 1.65291
2.129429 2.504675 3.261335 4.904369 2.186235 1.184199 1.113783 0.5963198 1.650124
2.131594 2.504369 3.266007 4.95068 2.210378 1.194112 1.133587 0.603849 1.663585
2.127164 2.503245 3.268563 4.947059 2.20378 1.188037 1.10919 0.5940507 1.653656
2.127872 2.503784 3.257551 4.914949 2.186422 1.177477 1.107569 0.590844 1.659515
2.120113 2.497252 3.249638 4.93904 2.196806 1.185339 1.104336 0.5896109 1.655373
2.133069 2.503961 3.263789 4.916069 2.181937 1.176537 1.09959 0.59036 1.653545
2.128762 2.504023 3.261511 4.967708 2.20547 1.184827 1.166597 0.6109602 1.693418
2.123856 2.499681 3.262296 4.915361 2.184931 1.179435 1.128363 0.5999156 1.652912
