2.845598 2.93015 3.459415 5.65952 2.359689 1.164063 2.977418 1.175895 2.541975
2.062072 2.500982 3.512568 5.548799 2.506063 1.320673 0.7234632 0.4092165 1.414193
1.959825 2.420784 3.06631 3.926276 1.780774 1.093918 0.8380231 0.5609869 1.594562
2.13778 2.45317 3.267558 4.775483 2.177608 1.19463 1.244197 0.6353943 1.529565
2.051844 2.454033 3.222903 4.490101 2.040258 1.126711 1.465622 0.7432456 1.811882
2.056396 2.432427 3.225392 4.924311 2.096827 1.104339 1.142295 0.5773522 1.630896
2.022637 2.470653 3.269213 4.894403 2.203104 1.179296 1.080556 0.5655219 1.55879
2.027711 2.454017 3.2588 4.874084 2.120064 1.11933 1.070977 0.5382279 1.593692
2.082298 2.485248 3.232206 4.986244 2.21708 1.200537 1.183162 0.6490257 1.631131
2.098976 2.480733 3.248306 4.395257 1.899415 1.019023 1.020212 0.5407571 1.676445
2.066215 2.481295 3.243209 5.004432 2.218746 1.186349 1.029935 0.5092661 1.594147
2.04995 2.466959 3.192738 4.535842 1.990318 1.091411 0.9634155 0.5290473 1.647363
2.066477 2.470354 3.227744 4.60331 2.034824 1.106329 1.035262 0.5346803 1.58761
2.068766 2.472088 3.21071 4.588849 2.053201 1.134329 1.048012 0.5662981 1.672288
2.014041 2.460593 3.219512 4.791581 2.13347 1.161154 1.055884 0.582341 1.637841
2.041437 2.461921 3.210043 4.815283 2.146625 1.148374 1.065107 0.5558813 1.553188
2.129323 2.505675 3.248405 5.202287 2.321414 1.244559 1.188144 0.6280168 1.674344
2.038773 2.469258 3.253415 4.799455 2.12993 1.149577 1.047236 0.5703232 1.638885
2.133142 2.504902 3.287754 4.953181 2.20306 1.189272 1.103429 0.6053663 1.646739
2.116587 2.50847 3.24858 4.853055 2.169091 1.170328 1.027658 0.5651527 1.612247
2.080057 2.497734 3.274338 5.028607 2.241663 1.197726 1.129481 0.5925737 1.658093
2.079612 2.475296 3.266105 4.694374 2.055039 1.103402 1.016048 0.539195 1.611086
2.136069 2.501234 3.276501 5.194507 2.280167 1.21042 1.090233 0.5795803 1.654734
2.090569 2.494957 3.241534 4.969142 2.194933 1.173824 1.043376 0.5610167 1.67645
2.117004 2.497081 3.268411 4.812501 2.121926 1.133159 1.028878 0.5439465 1.651346
2.132877 2.503886 3.293924 5.019196 2.24226 1.20829 1.145663 0.5975851 1.668892
2.134182 2.499025 3.2955 4.865602 2.172184 1.181904 1.039388 0.567855 1.634961
2.09656 2.493425 3.25552 4.756874 2.115524 1.144241 1.056688 0.5775698 1.689857
2.117926 2.493976 3.216955 4.844486 2.150748 1.167434 1.043016 0.5494439 1.590598
2.128176 2.499198 3.238806 4.869039 2.155469 1.157918 1.055993 0.5669132 1.608719
2.159598 2.508589 3.269672 5.110483 2.25644 1.209967 1.221168 0.6534956 1.619667
2.094075 2.491129 3.270237 4.747419 2.094091 1.128634 1.086716 0.578135 1.601278
2.06286 2.479808 3.248416 4.860323 2.155367 1.152448 1.093992 0.581366 1.655458
2.08285 2.483505 3.2411 4.899486 2.169004 1.167798 1.107001 0.5826656 1.663397
2.10433 2.49214 3.250014 4.847827 2.154093 1.168329 1.068705 0.575119 1.643311
2.138591 2.507971 3.288152 5.082375 2.29138 1.236679 1.090113 0.5813859 1.688365
2.114897 2.487159 3.273348 4.840375 2.147844 1.158329 1.169757 0.6216558 1.661011
2.098992 2.497803 3.257275 4.96256 2.224469 1.204873 1.08457 0.6017148 1.702256
2.12729 2.50226 3.255812 4.994416 2.216113 1.199059 1.049022 0.5799662 1.610208
2.142355 2.51591 3.240597 4.996911 2.221246 1.199303 1.136109 0.6004997 1.638917
2.17192 2.521093 3.282067 5.202088 2.331297 1.253407 1.268942 0.6751776 1.70145
2.103381 2.495342 3.239263 4.899078 2.190599 1.187027 1.096996 0.6132523 1.617869
2.090058 2.484861 3.233003 4.87343 2.1473 1.14948 1.050429 0.5626274 1.612768
2.128396 2.507962 3.279007 4.854807 2.159458 1.159153 1.099709 0.587548 1.729265
2.131736 2.504781 3.263396 4.868199 2.168477 1.170604 1.032048 0.563345 1.633125
2.139679 2.518545 3.26392 5.07687 2.256379 1.214526 1.121136 0.6023388 1.703604
2.1679 2.52039 3.256422 5.17605 2.288641 1.216468 1.118054 0.6025219 1.63701
2.071678 2.47626 3.257046 4.998872 2.215809 1.189898 1.052632 0.5740212 1.645219
2.112742 2.492599 3.257326 5.037807 2.239575 1.196511 1.119064 0.5799834 1.639537
2.12009 2.505419 3.265569 4.889592 2.174502 1.177021 1.071369 0.5844019 1.627466
2.114451 2.493329 3.242893 5.056088 2.262986 1.21919 1.120554 0.5961932 1.649693
2.097328 2.482167 3.244929 4.978727 2.206175 1.18349 1.045367 0.5565829 1.603675
2.091422 2.495543 3.246983 4.91705 2.196364 1.185762 1.085196 0.5883212 1.63716
2.071488 2.476516 3.254595 4.859967 2.171956 1.175381 1.100756 0.5913354 1.666872
2.106388 2.494396 3.275896 4.898073 2.152242 1.156774 1.045888 0.5702962 1.643593
2.138968 2.497403 3.270676 4.979053 2.212181 1.185616 1.056875 0.5697717 1.627093
2.071022 2.479337 3.250577 4.804245 2.134877 1.154667 1.073139 0.5771557 1.658239
2.121459 2.498339 3.252688 4.969259 2.199741 1.185004 1.096182 0.5951913 1.655584
2.114434 2.495943 3.252392 5.015455 2.23263 1.199558 1.078535 0.5782116 1.673828
2.132753 2.50127 3.278506 4.927126 2.188951 1.186381 1.095401 0.5907315 1.678222
2.116615 2.496522 3.245075 5.043235 2.227394 1.191638 1.09833 0.5854047 1.65025
2.101439 2.486852 3.250439 4.954184 2.205347 1.190293 1.11989 0.5885771 1.665055
2.132698 2.501971 3.266944 4.955975 2.211778 1.192869 1.121279 0.6026968 1.645209
2.110474 2.491947 3.255324 4.957353 2.202819 1.186664 1.079719 0.5874489 1.625487
2.102457 2.488557 3.259617 4.779307 2.09962 1.133926 1.082266 0.5807125 1.660294
2.124265 2.496361 3.247773 5.094703 2.255522 1.206291 1.114129 0.5948331 1.653727
2.128771 2.504011 3.275191 4.953397 2.189898 1.177169 1.095583 0.5870909 1.624436
2.15195 2.506765 3.249901 4.966476 2.203598 1.188643 1.074571 0.5760309 1.599257
2.127004 2.501123 3.276208 5.076665 2.255007 1.206426 1.10814 0.590889 1.657477
2.144618 2.508775 3.256807 4.975396 2.215298 1.18714 1.092844 0.5923537 1.640077
2.129578 2.502199 3.251944 4.998028 2.222469 1.194558 1.101214 0.5758355 1.619163
2.110524 2.49674 3.250743 4.918373 2.165329 1.160729 1.073976 0.5684966 1.65212
2.10893 2.496153 3.251166 4.979778 2.231386 1.205614 1.109478 0.5879467 1.65458
2.116572 2.496979 3.263666 4.92567 2.196895 1.184321 1.084528 0.5819346 1.651121
2.119181 2.498822 3.262771 4.913867 2.184727 1.17898 1.099084 0.5885256 1.638456
2.113693 2.497534 3.262978 4.900148 2.186842 1.180471 1.096158 0.5915947 1.648303
2.106951 2.489151 3.24529 4.93171 2.197311 1.185004 1.022317 0.5605235 1.630156
2.105555 2.492966 3.252817 4.980412 2.204595 1.18178 1.120038 0.5976962 1.660223
2.119182 2.495306 3.251128 5.033177 2.22648 1.190788 1.113626 0.5923151 1.622126
2.107991 2.491703 3.251747 5.063105 2.24835 1.203749 1.162219 0.6170022 1.669411
2.103731 2.492192 3.272576 4.968805 2.202802 1.186013 1.131535 0.5955168 1.679775
2.125802 2.502765 3.245531 4.977342 2.209935 1.190019 1.063622 0.573966 1.655013
2.133134 2.508996 3.263944 5.061296 2.247973 1.204675 1.125238 0.6035014 1.669339
2.129412 2.502248 3.256726 5.024783 2.243044 1.207807 1.109831 0.5963767 1.631034
2.128801 2.502778 3.255714 5.004561 2.230702 1.202283 1.108284 0.5930861 1.659372
2.122056 2.500446 3.262959 4.955066 2.202283 1.187487 1.08844 0.587643 1.649579
2.105934 2.495914 3.24244 4.936123 2.190808 1.17732 1.126122 0.6031809 1.661533
2.139769 2.511856 3.279408 5.083733 2.26574 1.216709 1.152728 0.6178743 1.660687
2.128194 2.498148 3.262387 5.010315 2.224079 1.196958 1.099262 0.5922477 1.668691
2.104823 2.486596 3.253648 4.973404 2.206314 1.184991 1.067831 0.5746631 1.631646
2.111763 2.495964 3.263147 4.877492 2.169203 1.173207 1.088877 0.5853509 1.642864
2.103441 2.49231 3.265462 4.908947 2.178313 1.170461 1.103473 0.5801071 1.620904
2.106689 2.490006 3.25074 4.960126 2.200343 1.187014 1.089816 0.5859402 1.662851
2.099124 2.486857 3.256078 4.860649 2.164303 1.170342 1.057089 0.5754003 1.638135
2.104277 2.48892 3.246075 4.896525 2.179975 1.176712 1.068849 0.5769661 1.625972
2.127995 2.500024 3.263203 4.987183 2.21388 1.191186 1.11802 0.5998038 1.663438
2.107612 2.495469 3.261172 4.936666 2.205539 1.190787 1.097793 0.5902378 1.643279
2.108303 2.49063 3.25417 4.881665 2.174367 1.178485 1.076091 0.5758289 1.646359
2.102304 2.491546 3.258649 4.889927 2.171877 1.170857 1.090837 0.5900098 1.635851
2.11489 2.498213 3.277418 5.045314 2.247916 1.212335 1.123821 0.6020684 1.656121
2.108099 2.494318 3.265259 4.922145 2.193988 1.185057 1.071118 0.5800777 1.61967
2.126574 2.502065 3.270381 4.946591 2.198355 1.183331 1.119833 0.5943979 1.645539
2.116975 2.493346 3.25838 4.964365 2.200128 1.181637 1.120194 0.5950861 1.67184
2.112267 2.494662 3.260665 4.970517 2.202967 1.180474 1.096195 0.5886751 1.650561
2.116207 2.49651 3.258687 4.970345 2.213517 1.194103 1.096472 0.5899754 1.666634
2.111947 2.495615 3.255278 4.970358 2.208762 1.190298 1.078596 0.5819243 1.647478
2.099735 2.48912 3.254461 4.914782 2.185298 1.178749 1.089857 0.5822059 1.637852
2.106578 2.493763 3.249718 4.889052 2.16529 1.167438 1.072855 0.5801386 1.655548
2.11906 2.49886 3.259684 4.922667 2.186739 1.17916 1.121953 0.5988221 1.65985
2.117453 2.49546 3.24954 4.965778 2.20906 1.18963 1.11021 0.5924269 1.647916
2.113202 2.493772 3.259312 4.97292 2.204517 1.184313 1.085029 0.582421 1.645517
2.108257 2.492492 3.255112 4.949531 2.202384 1.186362 1.120735 0.598029 1.65502
