2.610014 2.565366 3.174294 7.108208 3.592593 2.036289 3.388142 1.84165 2.679461
1.700036 2.299877 3.099598 3.686473 1.400334 0.6450417 0.3603256 0.2360905 1.060253
1.902032 2.394186 3.079019 5.116745 2.253962 1.156033 1.112428 0.4973441 1.436031
2.220483 2.528615 3.238979 5.258851 2.389092 1.307364 0.8095359 0.5618111 1.517195
2.028535 2.476474 3.284139 6.453694 2.882047 1.457699 2.027444 0.9922053 2.144101
1.864772 2.383345 3.194303 4.43215 2.0138 1.110404 1.170524 0.5686079 1.648505
1.90555 2.427517 3.26209 4.800979 2.097617 1.105848 0.9200792 0.5302545 1.627035
1.935124 2.448209 3.230762 4.166306 1.82988 1.010318 0.8476195 0.4744787 1.419201
2.113456 2.488382 3.284489 5.246901 2.323021 1.242981 1.247342 0.6814726 1.642753
1.972591 2.426356 3.21385 4.646899 2.111166 1.151553 1.142967 0.6039805 1.51259
2.020153 2.455484 3.277315 5.440905 2.433584 1.262041 1.18589 0.6013263 1.655956
1.973812 2.446531 3.232589 4.707424 2.1507 1.158915 0.9927294 0.5373809 1.47179
2.028625 2.45963 3.30485 5.130589 2.242411 1.175192 1.199488 0.6341149 1.556572
1.847407 2.378883 3.228638 4.276887 1.919161 1.033261 1.04171 0.5729074 1.393545
2.050939 2.458373 3.228545 5.266784 2.338053 1.221951 1.323937 0.6875415 1.659294
1.995632 2.437441 3.232218 4.823206 2.145248 1.134779 1.06365 0.5778992 1.55992
2.055747 2.473358 3.256105 5.17688 2.308272 1.225189 1.197083 0.62058 1.567516
2.047812 2.471968 3.248059 5.002119 2.234153 1.2103 0.9667225 0.5341321 1.473094
1.929705 2.414616 3.178177 4.601073 2.076202 1.122554 1.037949 0.5568429 1.513551
1.94045 2.413937 3.234577 5.162048 2.275223 1.201658 1.126465 0.5656568 1.54881
2.021027 2.446751 3.246178 5.178513 2.294102 1.205373 1.081403 0.5488712 1.458825
1.990424 2.434668 3.205107 4.596671 2.02629 1.074802 1.125778 0.5927205 1.457326
1.936768 2.416694 3.20894 4.58345 2.039289 1.089046 1.051799 0.5610826 1.546052
1.952229 2.431382 3.243378 4.549783 2.033744 1.10318 0.9876798 0.5375851 1.476912
2.055588 2.464449 3.201993 5.363043 2.37395 1.247429 1.131072 0.5791834 1.509332
1.948412 2.417648 3.208936 4.41031 1.970434 1.074957 0.9663792 0.5269381 1.506026
1.974999 2.446534 3.223493 4.839927 2.18431 1.176843 1.161386 0.6138808 1.567113
2.027019 2.453842 3.253694 7.642034 3.364383 1.656215 2.401754 1.129357 2.198392
1.983064 2.432071 3.227393 5.486431 2.425912 1.263567 1.312875 0.6734583 1.538282
1.939316 2.413976 3.214119 4.736538 2.115074 1.127702 0.9976847 0.531891 1.460593
2.012539 2.45868 3.240849 4.983227 2.213686 1.16908 1.298029 0.6719603 1.686771
2.065816 2.473307 3.261136 5.682238 2.533852 1.336794 1.35968 0.7046422 1.64503
1.990121 2.438806 3.26719 5.251949 2.375604 1.272892 1.220147 0.6570036 1.515592
1.950735 2.420298 3.239538 4.809676 2.097707 1.104627 1.065323 0.5573548 1.482957
1.91721 2.405274 3.229466 4.662569 2.071215 1.107442 1.088175 0.5672332 1.556256
1.99673 2.439906 3.250425 5.079435 2.289039 1.234081 1.193824 0.6409329 1.567492
1.931934 2.417875 3.212195 4.77062 2.105384 1.117464 1.008333 0.550584 1.42535
2.008262 2.448207 3.252678 6.669863 2.979484 1.528556 1.515264 0.7638709 1.681382
1.978214 2.427101 3.224368 4.926979 2.168253 1.146742 1.130044 0.5986306 1.539988
1.970663 2.433626 3.22976 5.085761 2.245407 1.186879 1.111652 0.5893332 1.52744
1.940049 2.411754 3.201514 4.899614 2.181432 1.155096 1.032048 0.552663 1.442823
1.94693 2.422159 3.212288 4.815757 2.132447 1.125197 1.112773 0.5873883 1.520376
1.927922 2.409599 3.216695 4.908145 2.176295 1.15795 1.04885 0.540836 1.469969
1.986102 2.443098 3.211029 5.427837 2.421163 1.268123 1.259191 0.6521953 1.54376
1.976322 2.434584 3.214451 4.899758 2.147751 1.138397 1.11959 0.5803417 1.5387
2.005909 2.449917 3.242945 5.097203 2.264185 1.20042 1.088468 0.558502 1.487152
1.939377 2.422357 3.205852 4.698093 2.077096 1.112527 1.00563 0.5209993 1.482803
1.984273 2.441173 3.209269 4.959887 2.178383 1.150271 1.119158 0.5995246 1.522645
1.980417 2.430178 3.218649 5.221478 2.286149 1.185427 1.267227 0.6546394 1.600241
1.983314 2.434508 3.229516 4.998716 2.236812 1.189185 1.081604 0.575654 1.504569
1.949161 2.426389 3.225324 4.999481 2.203309 1.158954 1.194793 0.6085602 1.603138
1.983633 2.44563 3.227967 4.952244 2.217408 1.185475 1.154039 0.5938325 1.525259
1.987808 2.445978 3.234516 5.794639 2.590929 1.351297 1.237822 0.64557 1.556698
1.98906 2.442433 3.245851 5.09309 2.259452 1.189339 1.214446 0.625369 1.555003
1.98996 2.446423 3.249856 5.338808 2.375119 1.250893 1.281143 0.6616378 1.594912
1.983715 2.440293 3.223217 4.935981 2.187285 1.161335 1.036739 0.5710933 1.546753
1.977902 2.428509 3.252311 4.843739 2.158112 1.147646 1.168635 0.6178861 1.545511
1.977912 2.435134 3.235191 5.448103 2.429074 1.283232 1.258536 0.6444183 1.578165
1.956556 2.417886 3.217876 5.086022 2.28163 1.224528 1.304129 0.6765373 1.630403
1.970497 2.432213 3.221891 5.203168 2.330414 1.229325 1.227164 0.6328774 1.495166
1.962664 2.422522 3.224307 4.88329 2.18011 1.163587 1.122902 0.6014252 1.525661
2.008605 2.452072 3.252543 5.165179 2.29745 1.216654 1.156488 0.6120526 1.522315
1.996665 2.45143 3.234951 5.280708 2.357001 1.238668 1.237677 0.6484494 1.566797
1.97272 2.433331 3.226696 5.027538 2.248825 1.200678 1.109137 0.5759928 1.507907
2.004422 2.446194 3.236248 5.198666 2.300198 1.21196 1.096793 0.5732788 1.508702
1.997355 2.440961 3.234858 4.975543 2.194825 1.166002 1.077361 0.5768078 1.50963
1.994475 2.441404 3.241352 5.057406 2.247011 1.182759 1.141959 0.5965999 1.535299
1.995806 2.444765 3.238438 5.049462 2.235486 1.182305 1.159624 0.6006422 1.562998
1.956127 2.426014 3.21547 5.017209 2.220206 1.179582 1.154463 0.6117341 1.538088
1.963227 2.429707 3.231228 5.214339 2.330919 1.230903 1.300595 0.6736194 1.625092
1.969165 2.433844 3.222838 4.988385 2.194266 1.160689 1.077122 0.5643416 1.51958
1.935914 2.417129 3.226074 4.905247 2.199489 1.174671 1.133925 0.6011076 1.562561
1.978968 2.439882 3.244621 4.947585 2.206993 1.171908 1.117442 0.5825314 1.525439
1.973527 2.430147 3.245974 4.907799 2.187965 1.178935 1.132471 0.6457406 1.781471
1.98049 2.434363 3.222844 5.38788 2.351657 1.219772 1.14801 0.58901 1.497607
1.966764 2.435632 3.229464 4.838485 2.151257 1.144207 1.136999 0.5948907 1.553312
1.980987 2.440171 3.223068 4.999104 2.20638 1.164361 1.116882 0.5753624 1.49305
1.95437 2.422196 3.225083 4.729796 2.125636 1.151173 1.082265 0.5800721 1.515789
2.000653 2.445651 3.238991 5.180318 2.296861 1.211958 1.200033 0.6206637 1.568885
1.970005 2.430327 3.219684 4.893419 2.15764 1.134681 1.088163 0.5717893 1.524255
1.981221 2.434084 3.229966 5.157428 2.302199 1.220365 1.221587 0.6343908 1.568203
2.005586 2.446611 3.235991 5.112286 2.268215 1.198521 1.123486 0.5934581 1.545868
1.994238 2.443562 3.22772 5.075759 2.260745 1.202531 1.180569 0.6181352 1.537469
1.969236 2.433041 3.234494 5.2761 2.351401 1.246277 1.17973 0.6211563 1.51366
1.991964 2.445019 3.245215 5.145819 2.30583 1.227857 1.171657 0.6178064 1.581642
1.986736 2.441736 3.224124 5.367525 2.441846 1.311849 1.208935 0.6382209 1.553377
1.986973 2.441907 3.233752 4.98219 2.235489 1.194704 1.125475 0.594914 1.526893
1.955015 2.427936 3.236535 4.831335 2.15916 1.157067 1.133674 0.5899402 1.507192
1.964663 2.430724 3.219468 4.901702 2.199848 1.179125 1.085605 0.574351 1.522915
1.983524 2.440096 3.232281 4.886242 2.190356 1.170659 1.130538 0.6006289 1.541803
1.98524 2.441759 3.223631 5.06883 2.258582 1.197137 1.157888 0.6102604 1.573827
1.976703 2.438276 3.236543 5.292226 2.394197 1.277641 1.205929 0.6411719 1.580916
1.955813 2.430206 3.226369 4.698639 2.10259 1.131881 1.08979 0.5798733 1.532228
1.965613 2.429184 3.231746 4.806979 2.142079 1.143909 1.103305 0.5727284 1.540422
1.979314 2.435839 3.231756 5.017175 2.23275 1.182796 1.121786 0.5902428 1.53664
1.979243 2.432044 3.229071 5.147849 2.278653 1.199804 1.115422 0.5770038 1.521469
1.980346 2.436453 3.229951 5.284519 2.339291 1.228327 1.249528 0.6440275 1.625336
1.973574 2.428258 3.229169 4.912376 2.173593 1.155314 1.088853 0.574968 1.524057
1.979562 2.437621 3.232003 5.221685 2.317896 1.222817 1.258782 0.6509368 1.595535
1.991877 2.441277 3.237934 5.113151 2.281597 1.213706 1.175973 0.6245528 1.577066
1.979572 2.438371 3.225582 4.994254 2.234524 1.194129 1.085846 0.5806841 1.516425
1.963902 2.428971 3.230335 4.884034 2.168383 1.15517 1.09739 0.5779772 1.505332
1.99453 2.444866 3.238938 5.178525 2.312633 1.225624 1.182563 0.631394 1.620388
1.97587 2.434469 3.23453 5.038023 2.236427 1.187361 1.156231 0.60904 1.549984
1.97677 2.435535 3.233795 4.965621 2.211276 1.178741 1.149222 0.6013962 1.529547
1.986283 2.438279 3.241728 5.051747 2.24378 1.188637 1.134431 0.6001483 1.530982
1.972348 2.432405 3.233493 5.10681 2.261914 1.197928 1.159174 0.602614 1.561047
1.983057 2.438385 3.232265 5.032533 2.248844 1.194843 1.159298 0.6057342 1.52694
1.97732 2.436215 3.229628 5.120698 2.277797 1.206152 1.173955 0.618835 1.551351
1.963983 2.432344 3.234487 4.920088 2.19811 1.174713 1.145306 0.5991708 1.543049
1.975276 2.437419 3.232161 5.028378 2.246791 1.194266 1.164119 0.6077028 1.551214
1.971651 2.433134 3.235199 5.018202 2.242362 1.192523 1.152144 0.6086088 1.541255
